1.797833300000000065e+02 3.880539999999999878e+00
1.751999999999999886e+02 2.663959999999999884e+00
1.716500000000000057e+02 2.118910000000000071e+00
1.684000000000000057e+02 1.728860000000000063e+00
1.681666700000000105e+02 1.681489999999999929e+00
1.600833299999999895e+02 9.157300000000000439e-01
1.585000000000000000e+02 8.034299999999999775e-01
1.552500000000000000e+02 6.208900000000000530e-01
1.506666700000000105e+02 3.824500000000000122e-01
1.497166699999999935e+02 3.943699999999999983e-01
1.462333299999999952e+02 2.820699999999999874e-01
1.420166700000000048e+02 1.815400000000000069e-01
1.405500000000000114e+02 1.633400000000000130e-01
1.399666699999999935e+02 1.446500000000000008e-01
1.375833299999999895e+02 1.156500000000000028e-01
1.323666699999999992e+02 6.248000000000000081e-02
1.323499999999999943e+02 5.764999999999999986e-02
1.322500000000000000e+02 5.732000000000000289e-02
1.300999999999999943e+02 3.524999999999999661e-02
1.286999999999999886e+02 3.572999999999999787e-02
1.267999999999999972e+02 2.929000000000000006e-02
1.239166699999999963e+02 1.542999999999999927e-02
1.212166699999999935e+02 2.204000000000000056e-02
1.182833300000000065e+02 1.624000000000000096e-02
1.181833299999999980e+02 1.785000000000000128e-02
1.120833300000000037e+02 1.559999999999999928e-02
1.120999999999999943e+02 1.511000000000000017e-02
1.092833300000000065e+02 1.124999999999999958e-02
1.092666700000000048e+02 1.060000000000000005e-02
1.092000000000000028e+02 1.012000000000000052e-02
1.073166700000000020e+02 9.799999999999999684e-03
1.065499999999999972e+02 5.930000000000000375e-03
1.055666700000000020e+02 1.318000000000000074e-02
1.055499999999999972e+02 6.409999999999999899e-03
1.033833300000000008e+02 1.397999999999999937e-02
1.006500000000000057e+02 1.173000000000000084e-02
9.708333000000000368e+01 1.252999999999999947e-02
9.488333000000000084e+01 1.430999999999999980e-02
9.256667000000000201e+01 1.977999999999999897e-02
8.950000000000000000e+01 2.365000000000000088e-02
8.701667000000000485e+01 3.300000000000000155e-02
8.429999999999999716e+01 3.364000000000000323e-02
8.166666999999999632e+01 3.395999999999999713e-02
7.650000000000000000e+01 8.551999999999999880e-02
7.618332999999999799e+01 5.201000000000000068e-02
7.441666999999999632e+01 4.814000000000000223e-02
7.146666999999999348e+01 5.410000000000000225e-02
7.146666999999999348e+01 5.491000000000000048e-02
6.790000000000000568e+01 5.185000000000000026e-02
6.409999999999999432e+01 6.522000000000000020e-02
6.245000000000000284e+01 2.685400000000000009e-01
5.506667000000000201e+01 7.971999999999999920e-02
5.304999999999999716e+01 8.165000000000000036e-02
5.095000000000000284e+01 8.197000000000000119e-02
4.893332999999999799e+01 8.551999999999999880e-02
4.406667000000000201e+01 3.060800000000000187e-01
4.396667000000000058e+01 9.228000000000000091e-02
4.161666999999999916e+01 9.292999999999999872e-02
3.733332999999999657e+01 9.550999999999999768e-02
3.723333000000000226e+01 9.904999999999999916e-02
3.585000000000000142e+01 9.952999999999999348e-02
3.466667000000000343e+01 9.535000000000000420e-02
3.466667000000000343e+01 9.679999999999999716e-02
