1.794666699999999935e+02 3.792409999999999837e+00
1.769666699999999935e+02 2.941559999999999953e+00
1.768833300000000008e+02 2.945910000000000029e+00
1.762333299999999952e+02 3.003589999999999982e+00
1.751166699999999992e+02 2.902410000000000156e+00
1.727666700000000048e+02 2.684740000000000126e+00
1.725000000000000000e+02 2.656070000000000153e+00
1.705833299999999895e+02 2.405699999999999950e+00
1.703000000000000114e+02 2.371059999999999945e+00
1.690999999999999943e+02 2.232340000000000213e+00
1.690666699999999878e+02 2.178040000000000198e+00
1.670000000000000000e+02 2.062689999999999912e+00
1.670166700000000048e+02 2.041739999999999888e+00
1.635166700000000048e+02 1.775579999999999936e+00
1.609833299999999952e+02 1.541809999999999903e+00
1.610000000000000000e+02 1.567430000000000101e+00
1.557500000000000000e+02 1.267269999999999897e+00
1.557500000000000000e+02 1.258410000000000029e+00
1.553666699999999992e+02 1.239719999999999933e+00
1.513166699999999878e+02 1.034310000000000063e+00
1.489000000000000057e+02 9.303900000000000503e-01
1.483666699999999992e+02 9.311899999999999622e-01
1.463166699999999878e+02 8.585300000000000153e-01
1.451333300000000008e+02 8.224399999999999489e-01
1.436999999999999886e+02 7.618700000000000472e-01
1.413333299999999895e+02 6.974200000000000399e-01
1.376333300000000008e+02 6.152499999999999636e-01
1.341166699999999992e+02 5.395299999999999541e-01
1.324000000000000057e+02 5.047300000000000120e-01
1.290166700000000048e+02 4.478599999999999803e-01
1.279500000000000028e+02 4.468900000000000095e-01
1.253333300000000037e+02 4.091899999999999982e-01
1.234000000000000057e+02 3.921100000000000141e-01
1.205999999999999943e+02 3.590900000000000203e-01
1.199166699999999963e+02 3.382999999999999896e-01
1.155499999999999972e+02 3.073699999999999766e-01
1.140333300000000065e+02 2.988299999999999845e-01
1.119333299999999980e+02 2.832000000000000073e-01
1.103666699999999992e+02 2.745000000000000218e-01
1.071500000000000057e+02 2.538799999999999946e-01
1.068333300000000037e+02 2.488900000000000001e-01
1.044000000000000057e+02 2.398599999999999899e-01
1.012333299999999952e+02 2.537200000000000011e-01
9.784999999999999432e+01 2.010399999999999965e-01
9.738333000000000084e+01 2.060299999999999909e-01
9.471666999999999348e+01 1.863700000000000079e-01
9.281667000000000201e+01 1.818599999999999939e-01
8.763333000000000084e+01 1.671999999999999875e-01
8.558333000000000368e+01 1.609200000000000075e-01
7.851667000000000485e+01 1.444799999999999973e-01
7.638333000000000084e+01 1.398099999999999898e-01
7.266666999999999632e+01 1.335300000000000098e-01
7.066666999999999632e+01 1.295000000000000040e-01
6.808333000000000368e+01 1.259599999999999886e-01
6.734999999999999432e+01 1.257999999999999952e-01
6.583333000000000368e+01 1.177399999999999974e-01
6.336666999999999916e+01 1.190299999999999969e-01
6.129999999999999716e+01 1.196699999999999986e-01
6.114999999999999858e+01 1.203199999999999964e-01
5.923333000000000226e+01 1.198300000000000060e-01
5.664999999999999858e+01 1.164499999999999980e-01
5.289999999999999858e+01 1.116199999999999970e-01
5.086666999999999916e+01 1.098500000000000032e-01
4.926666999999999774e+01 1.082300000000000068e-01
4.726666999999999774e+01 1.085600000000000037e-01
4.558332999999999657e+01 1.043700000000000044e-01
4.246667000000000058e+01 1.053299999999999931e-01
4.020000000000000284e+01 1.022699999999999998e-01
4.025000000000000000e+01 1.109699999999999992e-01
3.753332999999999942e+01 1.074299999999999977e-01
3.621667000000000058e+01 1.075900000000000051e-01
