Sensor Position (Degrees)	Light Intensity (Volts)
180.00000	3.59101
180.00000	3.59343
180.00000	3.59166
180.00000	3.57957
180.00000	3.58908
180.00000	3.58908
180.00000	3.58344
180.00000	3.59230
180.00000	3.58457
180.00000	3.57909
180.00000	3.59037
180.01667	3.59117
180.01667	3.60148
180.01667	3.60519
180.00000	3.59150
180.00000	3.59665
180.00000	3.60358
180.00000	3.60165
180.00000	3.59633
180.00000	3.58956
180.00000	3.60084
180.00000	3.58940
180.00000	3.57490
180.00000	3.58102
180.00000	3.58650
180.00000	3.57764
180.00000	3.58731
180.00000	3.58698
180.00000	3.58795
180.00000	3.59488
180.00000	3.59407
180.00000	3.59713
180.00000	3.60068
180.00000	3.59858
180.00000	3.60084
180.00000	3.60954
180.00000	3.60632
180.00000	3.60600
180.00000	3.60825
180.00000	3.60648
180.00000	3.60438
180.00000	3.60777
180.00000	3.61373
179.98333	3.61373
179.98333	3.60696
179.98333	3.61454
179.98333	3.62130
179.98333	3.61341
179.98333	3.61985
179.98333	3.62017
179.98333	3.61228
179.98333	3.61309
179.98333	3.61969
179.96667	3.61582
179.96667	3.61454
179.96667	3.61969
179.96667	3.61872
179.96667	3.62791
179.96667	3.63693
179.96667	3.64080
179.95000	3.64660
179.95000	3.64982
179.95000	3.65385
179.95000	3.65659
179.93333	3.66351
179.93333	3.67447
179.91667	3.68156
179.60000	3.81351
178.30000	0.52004
177.66667	0.01560
177.68333	0.01511
177.68333	0.01721
177.68333	0.01237
177.68333	0.01157
177.70000	0.01479
177.70000	0.01334
177.70000	0.01962
177.70000	0.01382
177.70000	0.01366
177.70000	0.01560
177.70000	0.02123
177.70000	0.02107
177.70000	0.01721
177.70000	0.01624
177.70000	0.01560
177.71667	0.01205
177.71667	0.01833
177.71667	0.01785
177.71667	0.01560
177.71667	0.01817
177.71667	0.01028
177.71667	0.01946
177.71667	0.02236
177.71667	0.03396
177.71667	0.76138
177.71667	1.31996
177.71667	1.33994
177.71667	1.19880
177.71667	1.09295
177.71667	1.00933
177.71667	0.98259
177.71667	0.99516
177.71667	1.00821
177.71667	1.10745
177.71667	1.11631
177.71667	1.09811
177.71667	1.06121
177.71667	1.04236
177.71667	1.02979
177.71667	1.01803
177.71667	1.00402
177.71667	1.00708
177.71667	1.13742
177.71667	1.18430
177.71667	1.53440
177.71667	1.92993
177.71667	1.41582
177.71667	1.41405
177.71667	1.52924
177.71667	1.64847
177.71667	1.81071
177.71667	1.92912
177.71667	1.98567
177.71667	1.96795
177.71667	1.93267
177.71667	1.95990
177.71667	2.00775
177.71667	1.94121
177.71667	1.89577
177.71667	1.95087
177.71667	1.94910
177.71667	1.94330
177.71667	1.95345
177.71667	1.95796
177.71667	1.96328
177.71667	1.94717
177.71667	1.95716
177.71667	1.92800
177.70000	1.97069
177.70000	1.96183
177.70000	1.95845
177.70000	1.94814
177.68333	1.96699
177.68333	1.96666
177.66667	1.96344
177.51667	2.01999
176.50000	2.64221
175.56667	2.93608
175.33333	2.81138
175.33333	2.76095
175.33333	2.78528
175.33333	2.79962
175.33333	2.77755
175.33333	2.74629
175.33333	2.74532
175.33333	2.74484
175.35000	2.74645
175.35000	2.74693
175.35000	2.75435
175.35000	2.74790
175.35000	2.72776
175.35000	2.72067
175.35000	2.72808
175.35000	2.73292
175.35000	2.71954
175.35000	2.72776
175.35000	2.72889
175.35000	2.73340
175.35000	2.71616
175.35000	2.72083
175.35000	2.72099
175.35000	2.73034
175.35000	2.72599
175.35000	2.71648
175.35000	2.79946
175.35000	2.80429
175.35000	3.00907
175.35000	3.08092
175.35000	3.02921
175.35000	2.36735
175.35000	2.31773
175.35000	2.35237
175.35000	2.40827
175.35000	2.46531
175.35000	2.52734
175.35000	2.59355
175.35000	2.58679
175.35000	2.58775
175.35000	2.59855
175.35000	2.58115
175.35000	2.56713
175.35000	2.57841
175.35000	2.49866
175.35000	2.51686
175.35000	2.51139
175.35000	2.51284
175.35000	2.51074
175.35000	2.52798
175.35000	2.51735
175.35000	2.51348
175.35000	2.52363
175.35000	2.52283
175.35000	2.51751
175.35000	2.51396
175.35000	2.50253
175.35000	2.50865
175.35000	2.51106
175.35000	2.51074
175.33333	2.49560
175.33333	2.48738
175.33333	2.49431
175.33333	2.49141
175.33333	2.48255
175.33333	2.47626
175.33333	2.47852
175.33333	2.46982
175.31667	2.47046
175.31667	2.46209
175.31667	2.45709
175.31667	2.46241
175.30000	2.46128
175.30000	2.46192
175.30000	2.45854
175.28333	2.45806
175.28333	2.44324
175.26667	2.44807
175.26667	2.44984
175.25000	2.43905
175.25000	2.45596
175.23333	2.46515
175.21667	2.47385
175.20000	2.46724
175.18333	2.48367
174.83333	2.65123
173.98333	3.08157
173.68333	3.10960
173.70000	3.10219
173.70000	3.08801
173.70000	3.08092
173.70000	3.07883
173.70000	3.07480
173.71667	3.05015
173.71667	3.05885
173.71667	3.04902
173.71667	3.05015
173.71667	3.05531
173.71667	3.05724
173.71667	3.05482
173.71667	3.05837
173.71667	3.05627
173.71667	3.04999
173.71667	3.05901
173.71667	3.06143
173.71667	3.06820
173.71667	3.06546
173.71667	3.06707
173.71667	3.07593
173.71667	3.06256
173.71667	3.05241
173.73333	3.06078
173.75000	3.04870
173.75000	3.05643
173.75000	3.05563
173.73333	3.06401
173.73333	3.06723
173.73333	3.04161
173.73333	3.04467
173.73333	3.05402
173.73333	3.06078
173.73333	3.05450
173.73333	3.05128
173.73333	3.02163
173.73333	3.00746
173.73333	3.03710
173.73333	3.05708
173.71667	3.03114
173.71667	2.98973
173.71667	2.95896
173.71667	2.38830
173.73333	0.06618
173.73333	0.00077
173.73333	0.00126
173.73333	-0.00116
173.73333	0.00093
173.73333	0.00142
173.73333	0.00206
173.73333	0.02333
173.73333	0.02736
173.73333	0.14755
173.73333	0.58803
173.73333	0.69259
173.73333	0.69468
173.73333	0.76348
173.73333	1.02367
173.73333	1.17173
173.73333	1.15965
173.73333	1.15305
173.73333	1.16368
173.73333	1.17335
173.73333	1.16158
173.73333	1.14741
173.73333	1.12856
173.73333	0.99209
173.73333	0.98517
173.73333	0.97389
173.73333	0.97663
173.73333	0.96680
173.73333	0.95488
173.73333	0.93844
173.73333	0.91476
173.73333	0.89978
173.73333	0.89575
173.71667	0.89994
173.71667	0.91798
173.71667	0.91347
173.71667	0.93764
173.71667	0.93796
173.71667	0.95085
173.71667	0.93651
173.71667	0.92056
173.71667	0.94183
173.71667	0.92056
173.71667	0.90058
173.71667	0.91605
173.73333	0.95697
173.71667	0.97083
173.71667	0.98936
173.71667	0.99242
173.71667	0.99516
173.70000	0.99242
173.70000	0.99934
173.70000	0.99209
173.70000	1.00595
173.68333	1.00063
173.68333	1.00966
173.66667	1.02367
173.66667	1.03817
173.66667	1.03463
173.65000	1.01658
173.63333	1.00563
172.65000	1.91414
171.03333	2.70923
169.65000	2.86068
168.46667	2.85311
167.46667	2.83684
166.68333	2.82314
166.30000	2.81074
166.30000	2.81251
166.30000	2.80429
166.31667	2.79849
166.31667	2.80252
166.31667	2.80107
166.31667	2.81331
166.31667	2.79978
166.31667	2.80477
166.31667	2.81509
166.31667	2.82072
166.31667	2.82008
166.31667	2.81992
166.31667	2.82298
166.31667	2.81460
166.31667	2.78641
166.31667	2.40296
166.31667	2.40408
166.31667	2.43663
166.31667	2.48126
166.31667	2.60532
166.31667	2.59887
166.31667	2.60290
166.31667	2.59871
166.31667	2.59323
166.31667	2.59243
166.31667	2.59468
166.31667	2.58115
166.31667	2.56697
166.31667	2.55295
166.31667	2.54796
166.31667	2.56230
166.31667	2.56439
166.31667	2.57615
166.31667	2.62384
166.31667	2.61337
166.31667	2.61740
166.31667	2.59968
166.31667	2.55972
166.31667	2.59726
166.31667	2.58260
166.30000	2.56858
166.30000	2.57406
166.30000	2.58937
166.30000	2.59001
166.28333	2.59533
166.26667	2.62336
166.11667	2.67476
165.33333	2.74355
164.75000	2.15919
164.53333	2.12004
164.50000	2.12085
164.50000	2.13277
164.50000	2.13261
164.50000	2.12488
164.50000	2.08637
164.50000	2.08266
164.50000	2.07251
164.50000	2.07606
164.51667	2.07284
164.51667	2.06414
164.51667	2.06285
164.51667	2.07364
164.51667	2.06720
164.51667	2.16387
164.51667	2.20785
164.51667	2.23121
164.51667	2.42567
164.51667	2.53330
164.51667	2.50446
164.51667	2.50349
164.51667	2.51622
164.51667	2.54039
164.51667	2.57728
164.51667	2.59823
164.51667	2.60032
164.51667	2.67459
164.51667	2.67766
164.51667	2.67492
164.51667	2.65703
164.51667	2.65848
164.51667	2.64140
164.51667	2.21558
164.51667	1.88707
164.51667	1.89851
164.51667	2.00356
164.51667	2.06156
164.51667	2.06720
164.51667	2.06849
164.51667	2.05898
164.51667	2.05979
164.51667	2.05640
164.51667	2.04803
164.51667	2.04126
164.51667	2.04142
164.51667	2.03659
164.51667	2.01822
164.51667	2.00597
164.51667	2.00098
164.51667	2.00082
164.50000	1.99985
164.50000	1.99228
164.50000	1.99566
164.50000	1.99872
164.48333	2.00324
164.48333	2.01016
164.48333	2.00034
164.46667	2.00533
164.46667	2.00662
164.46667	2.00662
164.45000	2.01500
164.45000	2.01822
164.45000	2.02080
164.45000	2.03256
164.43333	2.02660
164.43333	2.02644
164.41667	2.03514
164.41667	2.04223
164.41667	2.05141
164.40000	2.06172
164.40000	2.07171
164.38333	2.06494
164.28333	2.10876
162.93333	2.58389
161.43333	0.25340
161.15000	0.12547
161.16667	0.13240
161.16667	0.12628
161.16667	0.11113
161.16667	0.10147
161.16667	0.10630
161.16667	0.10501
161.16667	0.10437
161.18333	0.10968
161.18333	0.10147
161.18333	0.10775
161.18333	0.10823
161.18333	0.11581
161.18333	0.11371
161.18333	0.15190
161.18333	0.17365
161.18333	0.18670
161.18333	0.17880
161.18333	0.18009
161.18333	0.19830
161.18333	1.50926
161.18333	1.51297
161.18333	1.40084
161.18333	1.43193
161.18333	1.42114
161.18333	1.67086
161.18333	1.89207
161.18333	2.00452
161.18333	2.46160
161.18333	2.45564
161.18333	2.46676
161.18333	2.46225
161.18333	2.45194
161.18333	2.44823
161.18333	2.44823
161.18333	2.44549
161.18333	2.43083
161.18333	2.44307
161.18333	2.44726
161.18333	2.44146
161.18333	2.44050
161.18333	2.44146
161.18333	2.44066
161.18333	2.43582
161.18333	2.41842
161.18333	2.41568
161.18333	2.42342
161.18333	2.41601
161.18333	2.41859
161.18333	2.42068
161.18333	2.42471
161.18333	2.43889
161.18333	2.45016
161.18333	2.44694
161.18333	2.45709
161.16667	2.46370
161.16667	2.45983
161.15000	2.46869
161.15000	2.47417
161.15000	2.47369
161.13333	2.47530
161.13333	2.47578
161.13333	2.47497
161.11667	2.47514
161.11667	2.47868
161.10000	2.47804
161.08333	2.48561
160.40000	1.76302
159.33333	0.00609
159.10000	-0.00229
159.11667	-0.00052
159.11667	-0.00309
159.11667	0.00255
159.11667	0.00448
159.11667	-0.00003
159.13333	0.00303
159.13333	0.00190
159.13333	0.00335
159.13333	0.00206
159.13333	0.00206
159.13333	0.00255
159.13333	-0.00084
159.13333	-0.00068
159.13333	0.00480
159.13333	0.01415
159.13333	0.12451
159.13333	2.03401
159.13333	2.15758
159.13333	2.20463
159.13333	2.29243
159.13333	2.30629
159.13333	2.30436
159.13333	2.30419
159.13333	2.29582
159.13333	2.29743
159.13333	2.30484
159.13333	2.30677
159.13333	2.29872
159.13333	2.29727
159.13333	2.30758
159.13333	2.29549
159.13333	2.30081
159.13333	2.30613
159.13333	2.30774
159.13333	2.30001
159.13333	2.30291
159.13333	2.29791
159.13333	2.29856
159.13333	2.29388
159.13333	2.29533
159.13333	2.29131
159.13333	2.28728
159.13333	2.28035
159.13333	2.28470
159.11667	2.29050
159.11667	2.29646
159.11667	2.30484
159.11667	2.30597
159.11667	2.31257
159.10000	2.32659
159.10000	2.32884
159.08333	2.32417
159.08333	2.32578
159.06667	2.32707
159.06667	2.33432
159.03333	2.33191
158.83333	2.29340
158.08333	1.38376
157.65000	0.11468
157.65000	0.08503
157.65000	0.09341
157.65000	0.09051
157.65000	0.09712
157.65000	0.09986
157.66667	0.09857
157.66667	0.09212
157.66667	0.08826
157.66667	0.08648
157.66667	0.08552
157.66667	0.07553
157.66667	0.07956
157.66667	0.10179
157.68333	0.09841
157.68333	0.16817
157.68333	0.51843
157.68333	0.70258
157.68333	0.75349
157.68333	0.71498
157.68333	0.75010
157.68333	0.79087
157.68333	1.13613
157.68333	1.65717
157.68333	2.18852
157.68333	2.12890
157.68333	1.75673
157.68333	1.78106
157.68333	1.91076
157.68333	1.88772
157.68333	1.87998
157.68333	1.88272
157.68333	1.87402
157.68333	1.87757
157.68333	1.89158
157.68333	1.89416
157.68333	1.88772
157.68333	1.87193
157.68333	1.85131
157.68333	1.89336
157.68333	1.91865
157.68333	1.93235
157.68333	1.90415
157.68333	1.88288
157.68333	1.91881
157.68333	1.89126
157.68333	1.90093
157.68333	1.87209
157.68333	1.87998
157.68333	1.90045
157.68333	1.91366
157.68333	1.91575
157.68333	1.90367
157.68333	1.89932
157.68333	1.89642
157.68333	1.88192
157.68333	1.84406
157.68333	1.85646
157.68333	1.85743
157.68333	1.88353
157.66667	1.86291
157.66667	1.84100
157.66667	1.85356
157.65000	1.84309
157.65000	1.82456
157.65000	1.81232
157.65000	1.79298
157.65000	1.80120
157.63333	1.79653
157.63333	1.80748
157.63333	1.80636
157.63333	1.81828
157.63333	1.82730
157.61667	1.82585
157.61667	1.83052
157.61667	1.83520
157.60000	1.83616
157.60000	1.84663
157.60000	1.85179
157.58333	1.84792
157.58333	1.85727
157.55000	1.85985
157.06667	2.07976
155.58333	1.63977
154.18333	0.01721
153.01667	0.00883
152.11667	0.01173
151.55000	0.01173
151.43333	0.00593
151.45000	0.01334
151.45000	0.01076
151.45000	0.01173
151.45000	0.00464
151.46667	0.01157
151.46667	0.00947
151.46667	0.00996
151.46667	0.01286
151.46667	0.00851
151.46667	0.00528
151.46667	0.01125
151.46667	0.00593
151.46667	0.00577
151.46667	0.00835
151.46667	0.01108
151.46667	0.01092
151.46667	0.01092
151.45000	0.00351
151.45000	0.01286
151.45000	0.00528
151.45000	0.01141
151.45000	0.01157
151.46667	0.01044
151.46667	0.00754
151.45000	0.01253
151.45000	0.01044
151.46667	0.00963
151.46667	0.01173
151.46667	0.00947
151.46667	0.00899
151.46667	0.00528
151.46667	0.00400
151.46667	0.01125
151.46667	0.00818
151.46667	0.00561
151.46667	0.00883
151.46667	0.01221
151.46667	0.01012
151.46667	0.01044
151.46667	0.00255
151.46667	0.01076
151.46667	0.00980
151.46667	0.00867
151.46667	0.00818
151.46667	0.00818
151.46667	0.00963
151.46667	0.01092
151.46667	0.00690
151.46667	0.01882
151.46667	0.74769
151.46667	1.97714
151.46667	1.95426
151.45000	1.96344
151.45000	1.96199
151.45000	1.96763
151.45000	1.96537
151.45000	1.96699
151.45000	1.96344
151.46667	1.97150
151.46667	1.97859
151.46667	1.97488
151.46667	1.97697
151.46667	1.97488
151.46667	1.97520
151.46667	1.96086
151.45000	1.96602
151.45000	1.96006
151.45000	1.96070
151.45000	1.95990
151.45000	1.95506
151.45000	1.94846
151.45000	1.95619
151.45000	1.96908
151.45000	1.97166
151.45000	1.98503
151.45000	1.97552
151.45000	1.95184
151.46667	1.85050
151.46667	1.64621
151.46667	1.66909
151.46667	1.76527
151.46667	1.91092
151.46667	1.87177
151.46667	1.86790
151.46667	1.86565
151.46667	1.87064
151.46667	1.86661
151.45000	1.86291
151.45000	1.84808
151.45000	1.83004
151.45000	1.83020
151.43333	1.82005
151.43333	1.81522
151.43333	1.81554
151.43333	1.82376
151.41667	1.82553
151.41667	1.82311
151.41667	1.83471
151.40000	1.82537
151.40000	1.82263
151.38333	1.82279
151.38333	1.83052
151.35000	1.83036
150.81667	1.94411
149.38333	0.40694
148.66667	0.00448
148.68333	0.00238
148.68333	-0.00132
148.68333	0.00335
148.70000	0.00093
148.70000	-0.00229
148.71667	0.00271
148.71667	0.00045
148.71667	-0.00068
148.71667	0.00013
148.71667	0.00238
148.71667	0.00061
148.71667	0.00238
148.71667	0.00126
148.71667	0.00110
148.71667	0.00480
148.71667	0.00190
148.71667	0.00351
148.71667	0.00174
148.71667	0.00238
148.71667	0.00126
148.71667	0.00400
148.71667	0.00255
148.71667	-0.00019
148.71667	0.02607
148.71667	1.78734
148.71667	1.80636
148.71667	1.80555
148.71667	1.80893
148.71667	1.80458
148.71667	1.80168
148.71667	1.79540
148.71667	1.79959
148.71667	1.79572
148.71667	1.79588
148.71667	1.79524
148.71667	1.79218
148.71667	1.80104
148.71667	1.80297
148.71667	1.80555
148.71667	1.80781
148.71667	1.79057
148.71667	1.79089
148.71667	1.79331
148.71667	1.79395
148.71667	1.78557
148.71667	1.78525
148.71667	1.78364
148.71667	1.77736
148.71667	1.77301
148.71667	1.77945
148.71667	1.77591
148.71667	1.77574
148.71667	1.77446
148.71667	1.77333
148.71667	1.77268
148.71667	1.77172
148.71667	1.76882
148.71667	1.77123
148.70000	1.77462
148.70000	1.77333
148.70000	1.77510
148.70000	1.78509
148.68333	1.78283
148.68333	1.77913
148.68333	1.78332
148.68333	1.78138
148.66667	1.77913
148.66667	1.77848
148.66667	1.77591
148.66667	1.77591
148.66667	1.78074
148.66667	1.78154
148.65000	1.77639
148.65000	1.77864
148.65000	1.77881
148.65000	1.77832
148.65000	1.78042
148.65000	1.78573
148.65000	1.79041
148.63333	1.79556
148.63333	1.79363
148.61667	1.78863
148.61667	1.78992
148.60000	1.79379
148.38333	1.79121
147.23333	0.08246
146.26667	-0.00003
145.78333	0.00126
145.76667	-0.00003
145.76667	-0.00116
145.76667	0.00110
145.76667	0.00287
145.78333	-0.00116
145.78333	-0.00068
145.78333	-0.00390
145.78333	-0.00068
145.78333	-0.00342
145.78333	0.00190
145.78333	0.00158
145.78333	-0.00164
145.80000	-0.00100
145.80000	0.00013
145.80000	0.00013
145.80000	0.00110
145.80000	-0.00197
145.80000	-0.00358
145.80000	-0.00068
145.80000	-0.00164
145.80000	-0.00019
145.80000	0.38712
145.80000	0.34104
145.80000	0.80891
145.80000	1.03801
145.80000	1.29998
145.80000	1.29418
145.80000	1.21781
145.80000	1.07716
145.80000	1.15337
145.80000	1.22732
145.80000	1.34477
145.80000	1.32801
145.80000	1.29563
145.80000	1.15578
145.80000	1.11293
145.80000	1.13838
145.80000	1.19928
145.80000	1.23312
145.80000	1.26115
145.80000	1.34010
145.80000	1.35621
145.80000	1.65572
145.80000	1.49203
145.80000	1.47253
145.80000	1.50830
145.80000	1.54970
145.80000	1.58048
145.80000	1.65137
145.80000	1.64589
145.80000	1.64685
145.80000	1.64412
145.80000	1.64444
145.80000	1.64637
145.80000	1.64879
145.80000	1.64863
145.80000	1.64766
145.80000	1.64218
145.80000	1.64943
145.80000	1.63687
145.80000	1.63751
145.80000	1.63896
145.80000	1.63558
145.78333	1.64186
145.78333	1.63558
145.75000	1.65104
145.45000	1.67247
143.75000	0.25227
142.41667	0.00045
142.16667	-0.00100
142.16667	-0.00309
142.16667	-0.00003
142.16667	-0.00100
142.16667	0.00110
142.16667	0.02575
142.18333	0.00238
142.18333	0.00045
142.18333	-0.00148
142.18333	0.00045
142.18333	0.04927
142.18333	1.48993
142.18333	1.49863
142.18333	1.50008
142.18333	1.50008
142.18333	1.49928
142.18333	1.50201
142.18333	1.49911
142.18333	1.49944
142.18333	1.50346
142.18333	1.50153
142.20000	1.49493
142.20000	1.49976
142.20000	1.49766
142.20000	1.49638
142.18333	1.49380
142.18333	1.49203
142.18333	1.49444
142.16667	1.49219
142.16667	1.48993
142.15000	1.49412
142.13333	1.49783
142.13333	1.49460
142.10000	1.50298
142.08333	1.50024
142.05000	1.50459
141.88333	1.50105
141.33333	1.38650
140.90000	0.67583
140.88333	0.40259
140.88333	0.42563
140.88333	0.39566
140.88333	0.37326
140.88333	0.33734
140.88333	0.33911
140.90000	0.31075
140.90000	0.29690
140.90000	0.29432
140.90000	0.33991
140.90000	0.40581
140.90000	0.45946
140.90000	0.45527
140.90000	0.47702
140.90000	0.49136
140.90000	0.50457
140.90000	0.49748
140.90000	0.54630
140.90000	0.55741
140.90000	1.08667
140.90000	1.43918
140.90000	1.43483
140.90000	1.43660
140.90000	1.42790
140.90000	1.40551
140.90000	1.31222
140.90000	1.35911
140.90000	1.42291
140.90000	1.42565
140.90000	1.41018
140.90000	1.43451
140.90000	1.43048
140.90000	1.43983
140.90000	1.19880
140.90000	1.26260
140.90000	1.40309
140.90000	1.39729
140.90000	1.39649
140.91667	1.39552
140.91667	1.39649
140.91667	1.39874
140.91667	1.38875
140.90000	1.39165
140.90000	1.38086
140.91667	1.37764
140.91667	1.38875
140.91667	1.39939
140.91667	1.37747
140.91667	1.37683
140.91667	1.38118
140.90000	1.38634
140.90000	1.38037
140.90000	1.38746
140.90000	1.39294
140.88333	1.38585
140.88333	1.38859
140.85000	1.39568
140.23333	1.42903
138.51667	0.07988
137.15000	-0.00180
137.03333	0.00029
137.03333	-0.00019
137.03333	-0.00003
137.03333	-0.00132
137.03333	0.00061
137.05000	0.00061
137.05000	0.00190
137.05000	-0.00132
137.05000	0.00093
137.05000	0.00190
137.05000	0.03863
137.05000	0.01141
137.05000	0.01141
137.05000	0.01479
137.05000	0.01318
137.05000	0.02204
137.05000	0.02156
137.05000	0.12354
137.05000	0.39695
137.05000	0.32864
137.05000	0.42256
137.05000	0.47331
137.05000	0.47267
137.05000	0.87352
137.05000	0.72143
137.03333	0.85886
137.03333	1.12437
137.03333	1.25213
137.03333	1.30304
137.03333	1.30610
137.03333	1.30546
137.03333	1.29660
137.03333	1.30320
137.03333	1.29934
137.03333	1.29934
137.03333	1.30449
137.03333	1.29998
137.03333	1.29241
137.03333	1.28919
137.03333	1.29627
137.05000	1.29305
137.05000	1.28919
137.05000	1.28387
137.05000	1.28854
137.05000	1.28661
137.05000	1.28387
137.05000	1.28661
137.05000	1.28065
137.05000	1.28113
137.05000	1.27307
137.05000	1.27839
137.03333	1.27726
137.01667	1.26921
137.01667	1.28097
136.98333	1.27871
136.45000	1.06282
135.05000	-0.00293
134.11667	-0.00213
134.10000	0.00142
134.10000	0.00110
134.10000	0.01592
134.11667	0.00142
134.11667	0.01334
134.11667	0.00077
134.11667	0.01060
134.11667	-0.00068
134.11667	0.01833
134.11667	-0.00164
134.11667	0.00770
134.11667	-0.00068
134.11667	0.30350
134.11667	-0.00229
134.11667	0.02188
134.11667	0.00029
134.11667	0.00335
134.11667	-0.00084
134.11667	-0.00116
134.11667	0.04975
134.11667	0.05491
134.11667	0.18895
134.11667	1.16062
134.11667	1.17286
134.11667	1.16771
134.11667	1.16368
134.11667	1.17963
134.11667	1.18301
134.11667	1.18060
134.11667	1.17190
134.11667	1.18076
134.11667	1.17641
134.11667	1.17206
134.11667	1.16900
134.11667	1.16626
134.11667	1.17979
134.11667	1.17770
134.11667	1.18043
134.11667	1.17383
134.11667	1.17447
134.11667	1.17463
134.11667	1.16577
134.11667	1.17834
134.13333	1.17528
134.13333	1.18688
134.11667	1.18704
134.11667	1.18575
134.11667	1.18478
134.10000	1.17834
134.08333	1.18785
134.06667	1.18801
134.05000	1.17850
133.96667	1.17254
133.18333	0.21763
132.25000	0.00110
132.03333	0.00029
132.03333	-0.00052
132.03333	0.00206
132.03333	-0.00358
132.03333	-0.00132
132.03333	0.00061
132.03333	0.00013
132.03333	0.00206
132.05000	-0.00052
132.05000	0.00271
132.05000	0.00093
132.05000	0.00029
132.05000	-0.00084
132.05000	0.00029
132.05000	-0.00035
132.05000	0.00158
132.05000	0.00174
132.05000	0.00029
132.05000	-0.00116
132.05000	0.00367
132.05000	0.02446
132.05000	1.08248
132.05000	1.09746
132.05000	1.10197
132.05000	1.09021
132.05000	1.09972
132.05000	1.10020
132.05000	1.09843
132.05000	1.10407
132.05000	1.09923
132.05000	1.09150
132.05000	1.08860
132.05000	1.09037
132.05000	1.10391
132.05000	1.10165
132.05000	1.10068
132.05000	1.10246
132.05000	1.09666
132.05000	1.09134
132.05000	1.09521
132.05000	1.09778
132.05000	1.09633
132.03333	1.09182
132.03333	1.08828
132.03333	1.09102
132.03333	1.09617
132.03333	1.09150
132.01667	1.09408
132.01667	1.09408
132.01667	1.10262
132.01667	1.09778
132.00000	1.10230
132.00000	1.09327
131.98333	1.10181
131.98333	1.10407
131.96667	1.09891
131.96667	1.10101
131.93333	1.09907
131.85000	1.09988
131.06667	0.25114
130.15000	-0.00342
130.10000	0.00190
130.10000	0.00158
130.11667	0.00174
130.11667	-0.00277
130.11667	-0.00068
130.11667	-0.00293
130.11667	0.00029
130.11667	-0.00197
130.11667	-0.00197
130.11667	0.00335
130.11667	0.00077
130.11667	0.00222
130.11667	0.00061
130.11667	0.00206
130.11667	-0.00100
130.11667	0.47444
130.11667	1.05122
130.11667	0.08213
130.11667	0.00093
130.11667	0.00077
130.11667	0.00110
130.11667	0.00110
130.11667	0.26661
130.11667	0.49990
130.11667	0.56515
130.13333	0.57336
130.13333	0.57626
130.13333	0.67180
130.13333	0.68002
130.13333	0.67035
130.13333	0.65714
130.13333	0.66133
130.13333	0.69098
130.13333	0.68840
130.13333	0.69001
130.11667	0.68179
130.11667	0.67922
130.11667	0.66907
130.13333	0.66278
130.13333	0.65312
130.11667	0.65070
130.11667	0.64989
130.11667	0.65714
130.11667	0.65005
130.11667	0.65102
130.10000	0.64361
130.08333	0.65585
130.06667	0.66294
130.05000	0.66987
130.01667	0.67116
129.25000	0.89623
128.03333	0.97260
127.80000	0.95262
127.81667	0.96148
127.81667	0.95617
127.81667	0.95375
127.81667	0.95617
127.81667	0.95762
127.81667	0.95584
127.81667	0.95472
127.81667	0.95649
127.81667	0.94924
127.81667	0.96148
127.81667	0.96003
127.81667	0.96648
127.81667	0.98404
127.81667	0.98307
127.83333	0.96503
127.83333	0.97051
127.83333	0.97051
127.83333	0.95294
127.83333	0.95101
127.83333	0.94070
127.83333	0.94183
127.83333	0.94279
127.83333	0.94263
127.83333	0.94022
127.83333	0.92668
127.83333	0.91992
127.83333	0.89591
127.83333	0.89172
127.83333	0.94553
127.83333	0.94602
127.83333	0.94553
127.83333	0.93619
127.83333	0.93812
127.83333	0.93812
127.83333	0.92926
127.83333	0.91476
127.81667	0.90767
127.81667	0.90236
127.80000	0.90493
127.80000	0.89817
127.78333	0.89511
127.76667	0.89929
127.70000	0.91347
126.95000	0.94682
126.15000	0.63765
126.11667	0.08938
126.13333	0.06473
126.13333	0.06667
126.13333	0.05910
126.13333	0.06441
126.13333	0.06490
126.13333	0.06248
126.13333	0.06361
126.13333	0.06989
126.13333	0.08213
126.15000	0.09325
126.15000	0.10437
126.15000	0.11983
126.15000	0.13288
126.15000	0.17655
126.15000	0.26242
126.15000	0.37987
126.15000	0.78104
126.15000	0.85257
126.15000	0.90139
126.15000	0.90638
126.15000	0.91073
126.15000	0.89059
126.15000	0.88302
126.15000	0.88528
126.15000	0.89720
126.15000	0.91106
126.15000	0.91524
126.15000	0.91943
126.15000	0.91911
126.15000	0.91702
126.15000	0.91702
126.15000	0.90944
126.15000	0.90364
126.15000	0.89688
126.15000	0.89027
126.15000	0.87819
126.13333	0.88061
126.13333	0.87819
126.11667	0.88109
126.11667	0.87609
126.11667	0.88238
126.10000	0.87803
126.10000	0.88093
126.08333	0.87271
126.08333	0.87287
126.08333	0.86321
126.06667	0.85837
126.06667	0.85547
126.06667	0.85563
126.06667	0.86772
126.05000	0.86498
126.05000	0.86820
126.05000	0.87207
126.05000	0.86111
126.05000	0.86385
126.03333	0.86353
126.03333	0.87384
126.01667	0.87384
126.01667	0.87561
126.00000	0.88061
125.83333	0.89333
124.78333	0.76154
124.06667	0.00190
124.05000	0.00061
124.03333	0.00190
124.05000	-0.00084
124.05000	-0.00100
124.03333	0.00303
124.03333	0.00271
124.03333	0.00190
124.03333	-0.00261
124.03333	0.00303
124.03333	-0.00245
124.03333	0.00158
124.03333	-0.00261
124.03333	0.00416
124.03333	0.00222
124.03333	0.00367
124.03333	0.00512
124.03333	0.01157
124.03333	0.07198
124.03333	0.59415
124.03333	0.80665
124.05000	0.82003
124.05000	0.82857
124.05000	0.82422
124.05000	0.84903
124.05000	0.72062
124.05000	-0.00197
124.05000	-0.00132
124.05000	-0.00100
124.05000	-0.00180
124.05000	0.00093
124.05000	0.50731
124.05000	0.47090
124.05000	0.46751
124.05000	0.45946
124.05000	0.48346
124.05000	0.47331
124.06667	0.43368
124.06667	0.42901
124.06667	0.40951
124.06667	0.40355
124.06667	0.40275
124.06667	0.40243
124.06667	0.40275
124.06667	0.40114
124.06667	0.39066
124.08333	0.38454
124.08333	0.38535
124.08333	0.39630
124.08333	0.39582
124.08333	0.38631
124.08333	0.38873
124.08333	0.38712
124.06667	0.38809
124.06667	0.39340
124.06667	0.39679
124.06667	0.39034
124.06667	0.38567
124.05000	0.37407
124.05000	0.37375
124.05000	0.37455
124.03333	0.37826
124.03333	0.37439
124.01667	0.37858
124.01667	0.37036
124.00000	0.37810
123.76667	0.48830
122.60000	0.77910
121.68333	0.80295
121.51667	0.80279
121.51667	0.80134
121.51667	0.79908
121.51667	0.80118
121.51667	0.79344
121.51667	0.79618
121.53333	0.79957
121.53333	0.79844
121.53333	0.80069
121.53333	0.79602
121.53333	0.79650
121.53333	0.79377
121.55000	0.79860
121.55000	0.77024
121.55000	0.39614
121.55000	0.00448
121.55000	0.00206
121.55000	0.00190
121.55000	-0.00197
121.55000	0.02107
121.55000	0.03155
121.55000	0.04331
121.55000	0.03090
121.55000	0.02687
121.55000	0.02349
121.55000	0.01447
121.55000	0.01076
121.55000	-0.00277
121.55000	0.00061
121.55000	-0.00116
121.55000	-0.00068
121.55000	-0.00164
121.55000	-0.00406
121.55000	-0.00229
121.55000	0.00142
121.55000	-0.00229
121.55000	0.19282
121.55000	0.27660
121.55000	0.65811
121.55000	0.68292
121.55000	0.67889
121.56667	0.70193
121.56667	0.73061
121.56667	0.73383
121.56667	0.73190
121.56667	0.73560
121.56667	0.71788
121.55000	0.71466
121.55000	0.69774
121.56667	0.68582
121.56667	0.68502
121.55000	0.67857
121.51667	0.67648
121.35000	0.69968
120.35000	0.75349
119.95000	0.36327
119.93333	0.10533
119.93333	0.09760
119.93333	0.07360
119.93333	0.07037
119.93333	0.07247
119.93333	0.06925
119.93333	0.06876
119.93333	0.07875
119.93333	0.11210
119.93333	0.66117
119.93333	0.72626
119.93333	0.42498
119.93333	0.36344
119.93333	0.39050
119.93333	0.38841
119.93333	0.39469
119.93333	0.40178
119.93333	0.41451
119.93333	0.41145
119.93333	0.41225
119.95000	0.40613
119.95000	0.40017
119.95000	0.40049
119.95000	0.39663
119.95000	0.39582
119.95000	0.39115
119.95000	0.38905
119.95000	0.38776
119.95000	0.38293
119.95000	0.37713
119.95000	0.37632
119.95000	0.36859
119.93333	0.37826
119.91667	0.38051
119.91667	0.38551
119.91667	0.38164
119.90000	0.39195
119.88333	0.38261
119.88333	0.39002
119.83333	0.39163
119.16667	0.59946
118.15000	0.70322
118.05000	0.69420
118.05000	0.69130
118.05000	0.69372
118.05000	0.69500
118.05000	0.69049
118.05000	0.69565
118.06667	0.69565
118.06667	0.69919
118.06667	0.69855
118.06667	0.69823
118.06667	0.69823
118.06667	0.69919
118.06667	0.69339
118.06667	0.69275
118.06667	0.70016
118.06667	0.69919
118.06667	0.69275
118.06667	0.70129
118.06667	0.69597
118.06667	0.69581
118.06667	0.69323
118.06667	0.69307
118.06667	0.69662
118.06667	0.69533
118.06667	0.69919
118.06667	0.69774
118.06667	0.71547
118.06667	0.72094
118.06667	0.70870
118.06667	0.69662
118.06667	0.69565
118.06667	0.70258
118.06667	0.70403
118.06667	0.71643
118.06667	0.72030
118.08333	0.71337
118.08333	0.71224
118.08333	0.70983
118.08333	0.70644
118.08333	0.70999
118.08333	0.70677
118.08333	0.68969
118.06667	0.68904
118.06667	0.69049
118.05000	0.68953
118.05000	0.69339
118.03333	0.69372
118.03333	0.68840
118.01667	0.69355
118.01667	0.69114
118.00000	0.69243
117.98333	0.69855
117.95000	0.67696
117.95000	0.01769
117.95000	0.00045
117.96667	0.00142
117.96667	0.00335
117.96667	0.00029
117.96667	0.00045
117.96667	0.00126
117.98333	-0.00100
117.98333	0.00110
117.98333	-0.00003
117.98333	0.00013
117.98333	-0.00035
117.98333	0.00222
117.98333	0.00013
117.98333	0.00174
118.00000	0.00287
118.00000	0.01125
118.00000	0.03992
118.00000	0.63265
118.00000	0.64925
118.00000	0.64297
118.00000	0.65022
118.00000	0.65134
118.00000	0.65005
118.00000	0.64844
118.00000	0.64877
118.00000	0.65263
118.00000	0.65070
118.00000	0.65457
118.00000	0.65134
118.00000	0.65344
118.00000	0.65392
118.00000	0.65247
118.00000	0.65602
118.00000	0.65956
118.00000	0.65714
118.00000	0.65763
118.00000	0.66053
118.00000	0.66069
118.00000	0.65585
118.00000	0.65473
118.00000	0.65908
118.00000	0.65312
118.00000	0.65457
118.00000	0.65134
118.00000	0.65521
117.98333	0.65730
117.98333	0.65602
117.98333	0.65763
117.98333	0.66133
117.96667	0.66762
117.96667	0.66053
117.93333	0.66391
117.65000	0.43561
116.78333	-0.00148
116.13333	-0.00019
116.13333	-0.00068
116.15000	0.00013
116.15000	-0.00100
116.16667	-0.00035
116.16667	0.00061
116.16667	-0.00100
116.16667	-0.00116
116.15000	0.00045
116.15000	-0.00390
116.16667	-0.00148
116.16667	-0.00261
116.16667	0.00142
116.16667	-0.00019
116.16667	0.45914
116.16667	0.50441
116.16667	0.58867
116.16667	0.55741
116.16667	0.56402
116.16667	0.56611
116.16667	0.56789
116.16667	0.58851
116.16667	0.60108
116.16667	0.60478
116.16667	0.62975
116.16667	0.62879
116.16667	0.61106
116.16667	0.60510
116.18333	0.60655
116.18333	0.59818
116.18333	0.59656
116.18333	0.59946
116.18333	0.60075
116.18333	0.59399
116.16667	0.59705
116.16667	0.59818
116.16667	0.60027
116.15000	0.60108
116.15000	0.59866
116.13333	0.60043
116.11667	0.59705
116.03333	0.59544
115.23333	0.29464
114.88333	0.00126
114.88333	0.00077
114.88333	0.00061
114.88333	0.00029
114.90000	-0.00213
114.90000	-0.00180
114.90000	0.00045
114.90000	-0.00100
114.90000	-0.00197
114.90000	-0.00245
114.91667	0.00110
114.91667	0.00093
114.91667	-0.00197
114.91667	-0.00116
114.91667	-0.00003
114.91667	-0.00116
114.91667	-0.00116
114.91667	-0.00164
114.91667	0.00061
114.91667	-0.00019
114.91667	0.00110
114.91667	-0.00116
114.91667	0.00045
114.91667	0.00093
114.91667	-0.00003
114.91667	0.00222
114.91667	0.05765
114.91667	0.39260
114.91667	0.54630
114.91667	0.54581
114.91667	0.54984
114.91667	0.54710
114.91667	0.54388
114.91667	0.54952
114.91667	0.54855
114.91667	0.54678
114.91667	0.55387
114.91667	0.54823
114.91667	0.54179
114.91667	0.54227
114.91667	0.54324
114.91667	0.54968
114.91667	0.53985
114.91667	0.54598
114.91667	0.54356
114.91667	0.54356
114.91667	0.53873
114.90000	0.54614
114.90000	0.53937
114.85000	0.53776
113.86667	0.04395
111.81667	-0.00245
110.01667	-0.00035
109.65000	0.00786
109.65000	0.00045
109.66667	0.00110
109.66667	-0.00197
109.66667	-0.00519
109.66667	0.00061
109.66667	0.00045
109.66667	0.00077
109.66667	-0.00100
109.68333	-0.00068
109.68333	-0.00277
109.68333	0.00045
109.68333	-0.00229
109.66667	-0.00068
109.66667	-0.00100
109.66667	0.01205
109.66667	0.03493
109.66667	0.45962
109.66667	0.48508
109.66667	0.49684
109.66667	0.50683
109.66667	0.50360
109.66667	0.50151
109.66667	0.51021
109.66667	0.51053
109.66667	0.50602
109.66667	0.50344
109.66667	0.50650
109.66667	0.49426
109.66667	0.49410
109.68333	0.49265
109.68333	0.49394
109.68333	0.49651
109.68333	0.49748
109.68333	0.49023
109.68333	0.49184
109.68333	0.49539
109.68333	0.49023
109.68333	0.49104
109.66667	0.49136
109.66667	0.49233
109.63333	0.48749
109.28333	0.48234
107.98333	0.00126
107.15000	-0.00213
107.11667	0.00061
107.11667	-0.00309
107.11667	-0.00019
107.11667	0.00641
107.13333	-0.00213
107.13333	-0.00229
107.13333	-0.00084
107.13333	0.00045
107.13333	0.00077
107.13333	0.00061
107.13333	-0.00164
107.13333	-0.00164
107.13333	-0.00035
107.13333	-0.00084
107.13333	0.46461
107.13333	0.41596
107.13333	0.40581
107.13333	0.39308
107.13333	0.39163
107.13333	0.45946
107.13333	0.47960
107.13333	0.48024
107.13333	0.47960
107.13333	0.47573
107.13333	0.47702
107.13333	0.47638
107.13333	0.48395
107.13333	0.48089
107.15000	0.48137
107.15000	0.48266
107.15000	0.47879
107.13333	0.48121
107.13333	0.48121
107.13333	0.47412
107.13333	0.47879
107.11667	0.47380
107.11667	0.47331
107.11667	0.47509
107.15000	0.47831
107.15000	0.47654
107.15000	0.47831
107.15000	0.48201
107.10000	0.44689
107.16667	0.08294
107.15000	0.03267
107.15000	0.02430
107.10000	0.00706
107.05000	0.00255
107.05000	-0.00084
107.05000	-0.00148
107.06667	0.00126
107.06667	0.00287
107.06667	0.00287
107.06667	-0.00197
107.06667	0.00061
107.06667	0.00093
107.06667	0.00190
107.06667	-0.00132
107.06667	0.00319
107.06667	-0.00229
107.08333	-0.00019
107.08333	0.01076
107.08333	0.09631
107.08333	0.41032
107.08333	0.43626
107.08333	0.45334
107.08333	0.36666
107.08333	0.31736
107.08333	0.39791
107.08333	0.42917
107.08333	0.41403
107.08333	0.41386
107.08333	0.41274
107.08333	0.41451
107.08333	0.41064
107.08333	0.41241
107.08333	0.40968
107.08333	0.40597
107.08333	0.41419
107.08333	0.40887
107.06667	0.41032
107.06667	0.40984
107.06667	0.40871
107.06667	0.41274
107.05000	0.41564
107.05000	0.41386
107.03333	0.41435
107.03333	0.41338
107.01667	0.41580
106.96667	0.41628
106.05000	0.42998
104.71667	0.00367
104.41667	-0.00035
104.41667	0.00045
104.43333	-0.00132
104.43333	0.00029
104.43333	0.00029
104.43333	-0.00003
104.43333	0.00045
104.43333	-0.00116
104.43333	-0.00019
104.43333	0.00093
104.43333	-0.00229
104.45000	-0.00164
104.45000	0.00029
104.45000	0.00013
104.45000	0.00029
104.45000	0.00110
104.45000	0.00190
104.45000	0.11774
104.45000	0.38100
104.45000	0.39034
104.45000	0.39389
104.45000	0.39840
104.45000	0.40081
104.45000	0.40645
104.45000	0.40597
104.45000	0.40098
104.45000	0.37939
104.45000	0.39856
104.45000	0.39131
104.45000	0.31607
104.45000	0.28691
104.45000	0.28836
104.45000	0.29045
104.45000	0.28916
104.45000	0.29480
104.45000	0.29239
104.45000	0.29529
104.45000	0.29496
104.45000	0.28723
104.45000	0.28578
104.45000	0.29996
104.45000	0.30544
104.45000	0.30995
104.45000	0.29899
104.45000	0.29593
104.45000	0.29947
104.45000	0.29367
104.45000	0.29480
104.43333	0.30109
104.43333	0.30334
104.41667	0.30125
104.41667	0.29464
104.41667	0.29641
104.41667	0.30624
104.41667	0.30689
104.41667	0.30060
104.41667	0.30302
104.40000	0.30141
104.40000	0.30076
104.38333	0.30479
104.38333	0.30092
104.38333	0.29480
104.38333	0.30544
104.36667	0.30237
104.36667	0.30495
104.36667	0.29867
104.35000	0.29593
104.35000	0.29287
104.33333	0.28095
104.33333	0.27756
104.30000	0.25742
104.03333	0.04250
103.25000	-0.00035
102.56667	0.01608
102.55000	-0.00358
102.55000	0.00029
102.56667	-0.00277
102.56667	0.01995
102.58333	0.00142
102.58333	-0.00229
102.58333	-0.00293
102.58333	0.01656
102.60000	0.00287
102.60000	-0.00164
102.60000	-0.00019
102.58333	-0.00052
102.58333	-0.00164
102.56667	0.00077
102.56667	0.17510
102.56667	-0.00116
102.56667	-0.00084
102.58333	0.33701
102.58333	0.32912
102.58333	0.34732
102.58333	0.34378
102.58333	0.35119
102.58333	0.34910
102.58333	0.39453
102.58333	0.37665
102.58333	0.38744
102.58333	0.38680
102.58333	0.38825
102.58333	0.39050
102.58333	0.38664
102.58333	0.38583
102.60000	0.38841
102.60000	0.39066
102.60000	0.38970
102.60000	0.38889
102.60000	0.38615
102.60000	0.38760
102.60000	0.38567
102.60000	0.38486
102.58333	0.39083
102.58333	0.38905
102.55000	0.39034
102.53333	0.39308
102.51667	0.39179
102.18333	0.38535
100.96667	0.00545
100.15000	-0.00213
99.90000	0.01656
99.90000	0.00512
99.90000	-0.00422
99.91667	-0.00019
99.91667	0.01560
99.91667	0.01672
99.93333	-0.00325
99.93333	-0.00052
99.93333	0.01028
99.93333	0.00609
99.93333	-0.00245
99.93333	0.01189
99.93333	-0.00180
99.93333	-0.00019
99.93333	-0.00422
99.93333	-0.00100
99.93333	0.27644
99.93333	0.36327
99.93333	0.35312
99.93333	0.36327
99.93333	0.37262
99.93333	0.36553
99.93333	0.35409
99.93333	0.35619
99.93333	0.35425
99.93333	0.34797
99.93333	0.35216
99.93333	0.34346
99.93333	0.34604
99.93333	0.34974
99.93333	0.34362
99.93333	0.34362
99.91667	0.34765
99.91667	0.34958
99.91667	0.34378
99.90000	0.34394
99.88333	0.34700
99.86667	0.34604
99.53333	0.30125
98.51667	-0.00100
97.83333	0.00110
97.81667	0.01576
97.81667	0.00335
97.81667	-0.00213
97.81667	0.00351
97.81667	0.01398
97.81667	0.00271
97.81667	0.00061
97.83333	0.00093
97.83333	0.01898
97.83333	-0.00245
97.83333	0.00416
97.83333	-0.00342
97.83333	0.00383
97.83333	0.00077
97.83333	-0.00019
97.83333	-0.00100
97.83333	-0.00068
97.83333	0.32106
97.83333	0.34265
97.83333	0.35006
97.83333	0.34523
97.83333	0.34942
97.83333	0.35022
97.83333	0.35055
97.83333	0.35071
97.83333	0.35039
97.83333	0.34442
97.83333	0.33959
97.83333	0.33508
97.83333	0.33701
97.83333	0.33717
97.83333	0.33879
97.83333	0.33411
97.83333	0.33895
97.83333	0.33444
97.81667	0.33105
97.81667	0.33427
97.81667	0.33315
97.83333	0.33492
97.81667	0.33524
97.81667	0.32702
97.81667	0.33589
97.80000	0.33250
97.80000	0.33347
97.80000	0.33395
97.78333	0.33444
97.78333	0.33041
97.76667	0.33186
97.75000	0.32912
97.73333	0.33105
97.58333	0.32251
96.41667	-0.00003
95.31667	-0.00148
94.46667	0.01463
94.10000	-0.00245
94.10000	0.00174
94.10000	0.01930
94.11667	-0.00293
94.11667	-0.00309
94.11667	0.01995
94.11667	-0.00503
94.11667	0.00174
94.11667	0.01173
94.11667	0.02156
94.11667	0.00029
94.11667	0.01334
94.11667	-0.00100
94.11667	0.00158
94.11667	-0.00342
94.11667	0.01624
94.11667	0.01334
94.11667	-0.00084
94.11667	-0.00068
94.11667	-0.00100
94.11667	0.31832
94.11667	0.32509
94.11667	0.32477
94.11667	0.32896
94.11667	0.32976
94.11667	0.32429
94.11667	0.26129
94.11667	0.27434
94.11667	0.27273
94.13333	0.28175
94.13333	0.27321
94.13333	0.28224
94.13333	0.27821
94.13333	0.27015
94.13333	0.27772
94.13333	0.27386
94.13333	0.29077
94.13333	0.28224
94.13333	0.28932
94.13333	0.28884
94.11667	0.28578
94.11667	0.28691
94.10000	0.28401
94.10000	0.28771
94.08333	0.28288
94.06667	0.28014
94.00000	0.26129
93.16667	0.00110
91.75000	-0.00164
91.13333	0.00142
91.15000	0.00093
91.15000	-0.00164
91.16667	0.00110
91.16667	0.00013
91.16667	0.00174
91.18333	-0.00229
91.18333	-0.00164
91.18333	-0.00325
91.20000	-0.00035
91.20000	-0.00325
91.20000	-0.00019
91.20000	-0.00245
91.20000	-0.00293
91.20000	-0.00116
91.20000	0.01060
91.20000	-0.00035
91.20000	-0.00180
91.21667	-0.00052
91.21667	-0.00084
91.21667	0.09873
91.21667	0.30415
91.21667	0.31140
91.21667	0.30882
91.21667	0.31881
91.21667	0.25839
91.21667	0.25791
91.21667	0.28755
91.21667	0.31736
91.21667	0.31365
91.21667	0.31655
91.21667	0.31849
91.21667	0.31462
91.21667	0.31736
91.21667	0.31107
91.21667	0.31188
91.21667	0.30995
91.20000	0.31301
91.20000	0.31269
91.18333	0.31559
91.18333	0.31252
91.16667	0.30979
91.13333	0.31365
90.85000	0.30318
89.55000	0.05781
88.45000	-0.00003
88.30000	0.00206
88.30000	0.01366
88.31667	-0.00084
88.31667	0.00061
88.31667	-0.00438
88.33333	0.00528
88.33333	0.00126
88.33333	0.01705
88.33333	0.02220
88.33333	0.00045
88.33333	0.00029
88.33333	-0.00180
88.33333	-0.00052
88.33333	0.00190
88.33333	-0.00052
88.35000	0.03396
88.35000	0.05475
88.35000	0.24760
88.35000	0.30270
88.35000	0.29561
88.35000	0.28932
88.35000	0.30447
88.35000	0.29319
88.35000	0.29641
88.35000	0.29271
88.35000	0.29029
88.35000	0.29174
88.35000	0.28916
88.35000	0.29367
88.35000	0.28804
88.35000	0.29271
88.35000	0.28981
88.35000	0.28981
88.35000	0.28771
88.35000	0.29045
88.35000	0.28804
88.35000	0.28143
88.35000	0.28304
88.33333	0.28965
88.33333	0.28449
88.33333	0.28997
88.31667	0.28320
88.31667	0.29013
88.31667	0.28900
88.30000	0.28594
88.30000	0.28594
88.28333	0.28530
88.25000	0.28207
87.68333	0.26741
86.61667	0.00029
85.88333	-0.00100
85.81667	0.00158
85.81667	0.00383
85.81667	0.00400
85.81667	0.01189
85.83333	0.01173
85.83333	0.01866
85.83333	0.01882
85.83333	0.01157
85.83333	0.02059
85.83333	0.01398
85.83333	0.01237
85.83333	-0.00084
85.83333	0.00416
85.85000	0.01962
85.85000	-0.00180
85.85000	0.00851
85.85000	0.00110
85.85000	0.00931
85.85000	-0.00116
85.85000	0.01914
85.85000	0.00947
85.85000	0.02043
85.85000	0.00174
85.85000	-0.00261
85.85000	0.00206
85.85000	-0.00052
85.85000	0.03960
85.85000	0.01769
85.85000	0.04025
85.85000	0.10566
85.85000	0.17784
85.85000	0.25855
85.85000	0.27595
85.85000	0.27515
85.85000	0.27192
85.85000	0.26741
85.85000	0.27515
85.85000	0.27434
85.85000	0.27595
85.85000	0.27273
85.85000	0.27289
85.85000	0.27499
85.85000	0.26870
85.85000	0.23149
85.85000	0.24856
85.85000	0.23986
85.85000	0.24518
85.85000	0.24744
85.85000	0.24905
85.85000	0.25146
85.85000	0.24760
85.85000	0.24437
85.85000	0.24647
85.83333	0.24518
85.81667	0.24921
85.78333	0.24341
85.03333	0.01753
83.31667	-0.00003
82.21667	0.00915
82.20000	-0.00229
82.21667	0.00158
82.21667	0.01850
82.21667	-0.00035
82.21667	0.01205
82.21667	0.00287
82.21667	0.00110
82.21667	0.01640
82.21667	-0.00245
82.21667	0.00013
82.21667	0.01962
82.21667	0.00077
82.21667	-0.00164
82.21667	0.02011
82.21667	-0.00068
82.21667	-0.00068
82.21667	0.24808
82.21667	0.25017
82.21667	0.25340
82.21667	0.25581
82.21667	0.25597
82.21667	0.25485
82.21667	0.25887
82.21667	0.25823
82.21667	0.25775
82.21667	0.24921
82.21667	0.25485
82.21667	0.25581
82.21667	0.25066
82.21667	0.25275
82.21667	0.24872
82.21667	0.24566
82.21667	0.25404
82.21667	0.24357
82.20000	0.24824
82.20000	0.24212
82.20000	0.25211
82.18333	0.25034
82.15000	0.24792
81.76667	0.24147
80.60000	-0.00148
79.63333	-0.00019
79.51667	0.01592
79.53333	0.00255
79.53333	0.00335
79.53333	0.00738
79.53333	-0.00164
79.53333	0.01898
79.53333	0.00238
79.53333	0.00609
79.55000	0.00335
79.55000	-0.00019
79.55000	0.01157
79.55000	0.00174
79.55000	-0.00438
79.55000	-0.00213
79.55000	-0.00100
79.55000	0.01366
79.55000	-0.00116
79.55000	0.00077
79.55000	-0.00003
79.55000	-0.00084
79.55000	0.05491
79.55000	0.11081
79.55000	0.24502
79.55000	0.24212
79.55000	0.24373
79.55000	0.24325
79.55000	0.24518
79.55000	0.23551
79.55000	0.23422
79.55000	0.22971
79.55000	0.22762
79.56667	0.22230
79.56667	0.23004
79.56667	0.22697
79.56667	0.22552
79.56667	0.22488
79.56667	0.23004
79.56667	0.22198
79.56667	0.22375
79.56667	0.22810
79.56667	0.22456
79.56667	0.22472
79.56667	0.22714
79.55000	0.22971
79.55000	0.22649
79.48333	0.22665
78.60000	0.00061
77.06667	-0.00245
76.26667	0.01656
76.26667	0.01141
76.26667	-0.00422
76.28333	0.00158
76.28333	0.00867
76.28333	0.01028
76.28333	0.01866
76.28333	0.00915
76.28333	0.00448
76.28333	0.01189
76.28333	0.00690
76.28333	0.00238
76.28333	0.00818
76.28333	0.01060
76.28333	0.00303
76.28333	0.00480
76.28333	0.00528
76.28333	0.00706
76.28333	0.00061
76.28333	0.00029
76.28333	0.00625
76.28333	0.00980
76.28333	0.00835
76.28333	0.17590
76.28333	0.21376
76.28333	-0.00084
76.28333	-0.00035
76.28333	0.16640
76.28333	0.19105
76.28333	0.19056
76.28333	0.19379
76.28333	0.20265
76.28333	0.20748
76.28333	0.20055
76.28333	0.20039
76.30000	0.20184
76.30000	0.19701
76.30000	0.19266
76.30000	0.19056
76.28333	0.19298
76.28333	0.19846
76.26667	0.20168
76.25000	0.20249
76.15000	0.20684
75.20000	0.21392
73.85000	0.00238
73.06667	0.00963
72.88333	-0.00068
72.88333	0.01705
72.88333	0.00996
72.88333	0.00206
72.88333	0.00110
72.88333	0.01656
72.88333	0.01576
72.88333	0.00367
72.88333	0.00110
72.90000	0.00754
72.90000	0.00625
72.90000	0.00029
72.90000	-0.00245
72.90000	0.00754
72.90000	0.00963
72.90000	0.00238
72.90000	0.00480
72.90000	0.00625
72.90000	-0.00084
72.90000	-0.00084
72.90000	0.13852
72.90000	0.20265
72.90000	0.21521
72.90000	0.20297
72.90000	0.20845
72.90000	0.20796
72.90000	0.21731
72.90000	0.21441
72.90000	0.21521
72.90000	0.21602
72.90000	0.21264
72.90000	0.21441
72.90000	0.21376
72.90000	0.21747
72.90000	0.21280
72.90000	0.21554
72.90000	0.20909
72.88333	0.21521
72.86667	0.21811
72.61667	0.20651
71.41667	0.04556
70.10000	0.31687
69.70000	-0.00100
69.68333	0.01060
69.68333	0.00061
69.70000	0.01302
69.70000	0.00077
69.70000	0.01221
69.70000	-0.00325
69.70000	0.01237
69.70000	-0.00180
69.70000	0.01850
69.70000	-0.00068
69.70000	0.01270
69.70000	-0.00374
69.70000	0.01350
69.70000	0.00013
69.70000	0.02059
69.70000	-0.00213
69.70000	0.01044
69.70000	-0.00068
69.70000	0.01785
69.70000	-0.00116
69.70000	0.02059
69.70000	-0.00197
69.70000	-0.00003
69.70000	0.00222
69.70000	-0.00084
69.70000	-0.00068
69.70000	0.14352
69.70000	0.15995
69.70000	0.17429
69.70000	0.17413
69.70000	0.18331
69.70000	0.19217
69.70000	0.20184
69.70000	0.20216
69.70000	0.20039
69.70000	0.20587
69.70000	0.21441
69.70000	0.20490
69.70000	0.20974
69.70000	0.20684
69.70000	0.20361
69.70000	0.20265
69.70000	0.20152
69.70000	0.20281
69.68333	0.20039
69.68333	0.20249
69.66667	0.20120
69.63333	0.19556
69.28333	0.19298
68.05000	-0.00229
67.11667	0.30898
67.01667	0.01688
67.01667	-0.00052
67.03333	0.01527
67.03333	-0.00245
67.03333	0.02011
67.03333	-0.00245
67.03333	0.01688
67.03333	0.00029
67.03333	0.01012
67.05000	-0.00052
67.05000	0.01866
67.05000	-0.00309
67.05000	-0.00148
67.05000	0.18138
67.05000	-0.00100
67.05000	-0.00068
67.05000	0.19749
67.03333	0.19507
67.03333	0.19330
67.05000	0.19153
67.05000	0.19185
67.05000	0.19266
67.05000	0.19234
67.05000	0.18589
67.05000	0.19105
67.05000	0.18799
67.05000	0.18831
67.05000	0.18734
67.03333	0.18750
67.03333	0.18927
67.03333	0.19008
67.03333	0.18573
67.03333	0.19217
67.01667	0.18573
67.01667	0.19072
67.01667	0.18927
67.01667	0.19056
67.00000	0.19072
67.00000	0.18944
67.00000	0.19169
66.98333	0.19185
66.88333	0.18879
66.00000	0.12982
65.11667	-0.00245
64.90000	-0.00068
64.90000	0.01705
64.90000	0.00045
64.90000	0.01495
64.91667	0.00061
64.91667	0.01656
64.91667	-0.00052
64.93333	0.01898
64.93333	0.00077
64.93333	0.01511
64.93333	-0.00164
64.93333	0.01302
64.93333	-0.00132
64.93333	0.02575
64.93333	-0.00197
64.93333	0.02156
64.93333	0.00029
64.93333	0.01366
64.93333	-0.00100
64.93333	0.02333
64.93333	-0.00164
64.93333	-0.00148
64.93333	-0.00100
64.93333	-0.00052
64.93333	0.00126
64.93333	0.02478
64.93333	0.04669
64.93333	0.13578
64.93333	0.18702
64.93333	0.18074
64.93333	0.18670
64.93333	0.18815
64.93333	0.18863
64.93333	0.19105
64.93333	0.17832
64.93333	0.18879
64.93333	0.18541
64.93333	0.18573
64.93333	0.18170
64.93333	0.18476
64.93333	0.18541
64.91667	0.18122
64.91667	0.18235
64.91667	0.18315
64.91667	0.18444
64.91667	0.17880
64.91667	0.18637
64.91667	0.18605
64.91667	0.18702
64.91667	0.18589
64.91667	0.18734
64.91667	0.18541
64.90000	0.18138
64.85000	0.18396
63.98333	0.13901
62.78333	-0.00229
62.45000	0.00158
62.45000	0.01785
62.45000	-0.00261
62.45000	0.02478
62.46667	-0.00164
62.46667	0.01978
62.46667	-0.00213
62.46667	0.01753
62.46667	-0.00116
62.46667	0.01640
62.46667	0.00126
62.46667	0.02091
62.46667	-0.00100
62.46667	0.01930
62.46667	0.00029
62.46667	0.01914
62.46667	-0.00374
62.46667	0.01753
62.46667	-0.00132
62.46667	0.00110
62.46667	0.12870
62.46667	-0.00035
62.46667	-0.00132
62.46667	0.15641
62.46667	0.15866
62.46667	0.16076
62.46667	0.17300
62.46667	0.16591
62.48333	0.16897
62.48333	0.16575
62.48333	0.17494
62.48333	0.16833
62.48333	0.16914
62.48333	0.17010
62.48333	0.16607
62.46667	0.16350
62.45000	0.16720
62.41667	0.16897
61.60000	0.17558
60.11667	-0.00293
59.16667	-0.00052
59.00000	0.01447
59.00000	0.00126
59.00000	0.01608
59.00000	-0.00148
59.00000	0.01624
59.01667	-0.00068
59.01667	0.01302
59.01667	-0.00068
59.01667	0.01334
59.01667	0.00029
59.01667	0.02123
59.01667	-0.00052
59.01667	0.01495
59.01667	0.00110
59.01667	0.02091
59.01667	-0.00277
59.01667	0.01721
59.01667	-0.00084
59.01667	0.05571
59.01667	-0.00035
59.01667	0.00013
59.01667	0.16398
59.01667	0.16398
59.01667	0.16607
59.01667	0.16430
59.01667	0.17010
59.01667	0.16656
59.03333	0.16769
59.03333	0.16624
59.03333	0.16801
59.03333	0.16752
59.03333	0.16575
59.03333	0.16736
59.03333	0.17091
59.01667	0.16559
59.01667	0.16672
59.01667	0.16446
59.00000	0.16446
58.96667	0.16221
58.55000	0.16301
57.03333	-0.00019
55.68333	-0.00293
55.36667	0.02140
55.36667	-0.00100
55.36667	0.00867
55.38333	0.00045
55.38333	0.02059
55.38333	0.00077
55.38333	0.01463
55.38333	-0.00035
55.38333	0.01415
55.40000	-0.00325
55.40000	0.01866
55.40000	0.00013
55.38333	0.00158
55.38333	0.15464
55.38333	-0.00035
55.38333	-0.00084
55.40000	0.00029
55.40000	-0.00035
55.40000	-0.00052
55.40000	-0.00068
55.40000	0.24985
55.40000	0.00657
55.40000	0.00029
55.40000	0.00851
55.40000	-0.00019
55.40000	0.01866
55.40000	0.00077
55.40000	-0.00019
55.40000	-0.00374
55.40000	-0.00100
55.40000	-0.00084
55.40000	-0.00035
55.40000	-0.00213
55.40000	-0.00164
55.40000	-0.00245
55.40000	-0.00019
55.40000	0.01705
55.40000	0.06425
55.40000	0.10211
55.40000	0.15270
55.40000	0.00013
55.40000	0.01882
55.40000	-0.00148
55.40000	0.01785
55.40000	0.00077
55.40000	0.01688
55.40000	-0.00052
55.40000	0.01850
55.40000	0.00174
55.40000	0.01866
55.38333	0.00093
55.36667	0.00947
55.28333	-0.00052
54.20000	-0.00261
52.78333	0.00996
51.66667	-0.00213
50.91667	0.01672
50.56667	-0.00197
50.56667	0.01882
50.58333	-0.00374
50.58333	0.01189
50.58333	-0.00438
50.58333	0.01850
50.58333	-0.00148
50.58333	0.01753
50.58333	-0.00180
50.58333	0.01302
50.58333	-0.00052
50.56667	-0.00180
50.56667	0.00061
50.56667	-0.00164
50.56667	0.02123
50.56667	0.00947
50.56667	-0.00003
50.56667	-0.00084
50.56667	-0.00084
50.56667	0.14368
50.56667	0.14062
50.56667	0.12402
50.56667	0.13095
50.56667	0.13208
50.56667	0.13208
50.56667	0.13482
50.56667	0.13756
50.58333	0.13707
50.58333	0.13675
50.58333	0.13466
50.56667	0.13143
50.56667	0.12547
50.56667	0.12789
50.55000	0.12837
50.53333	0.12934
50.18333	0.14529
48.98333	0.11017
47.85000	0.23439
46.90000	-0.00454
46.16667	-0.00390
45.85000	-0.00019
45.86667	0.00400
45.86667	0.00255
45.86667	0.00222
45.86667	0.00915
45.86667	-0.00068
45.88333	-0.00052
45.88333	0.00110
45.88333	0.01608
45.88333	-0.00052
45.88333	-0.00084
45.88333	0.00335
45.88333	0.01479
45.88333	0.01576
45.88333	0.01511
45.88333	0.01833
45.88333	0.00174
45.88333	0.09696
45.88333	-0.00084
45.88333	-0.00132
45.88333	0.13546
45.88333	0.14448
45.88333	0.14352
45.88333	0.14223
45.88333	0.14223
45.88333	0.14013
45.88333	0.13901
45.88333	0.14255
45.88333	0.14078
45.88333	0.13756
45.88333	0.13820
45.88333	0.13546
45.88333	0.12982
45.86667	0.13691
45.86667	0.13788
45.85000	0.14287
45.81667	0.14175
45.38333	0.13047
44.28333	0.01914
43.45000	0.00174
43.28333	0.01624
43.28333	0.01785
43.28333	0.01978
43.30000	0.01350
43.30000	0.01737
43.30000	0.02172
43.30000	0.01398
43.30000	0.02043
43.30000	0.02043
43.30000	0.01592
43.31667	0.02091
43.31667	0.00029
43.31667	0.13176
43.31667	-0.00084
43.31667	-0.00068
43.31667	0.09502
43.31667	0.11661
43.31667	0.11371
43.31667	0.11661
43.31667	0.11597
43.31667	0.11113
43.31667	0.11033
43.31667	0.11565
43.31667	0.11226
43.30000	0.11726
43.30000	0.11371
43.30000	0.11307
43.28333	0.11468
43.26667	0.11242
43.23333	0.11452
42.83333	0.12918
41.60000	0.09373
40.68333	0.25146
40.63333	-0.00132
40.63333	0.02204
40.63333	-0.00148
40.65000	0.01882
40.65000	-0.00277
40.65000	0.00641
40.66667	0.00077
40.66667	0.01850
40.66667	0.00158
40.66667	0.00367
40.66667	0.00045
40.66667	-0.00261
40.66667	-0.00019
40.66667	-0.00068
40.66667	-0.00100
40.66667	0.01672
40.66667	0.12451
40.66667	0.12273
40.66667	0.12580
40.66667	0.12016
40.66667	0.12467
40.66667	0.12306
40.66667	0.12290
40.66667	0.11951
40.66667	0.12177
40.66667	0.12112
40.65000	0.11919
40.65000	0.11871
40.65000	0.11677
40.65000	0.11983
40.65000	0.12257
40.61667	0.12273
40.28333	0.12435
38.93333	-0.00035
37.41667	-0.00261
36.90000	-0.00132
36.91667	-0.00084
36.91667	-0.00213
36.93333	-0.00406
36.93333	-0.00197
36.93333	-0.00197
36.93333	-0.00519
36.93333	-0.00309
36.93333	-0.00180
36.93333	-0.00358
36.93333	-0.00116
36.93333	0.11693
36.93333	-0.00052
36.93333	-0.00052
36.93333	0.10920
36.93333	0.10920
36.93333	0.12000
36.93333	0.11403
36.93333	0.11597
36.93333	0.11758
36.95000	0.11983
36.95000	0.11597
36.93333	0.11355
36.93333	0.12080
36.91667	0.12032
36.90000	0.11693
36.83333	0.11983
35.88333	0.10566
34.38333	0.00190
33.36667	0.01866
33.21667	0.01237
33.21667	-0.00019
33.21667	0.01511
33.23333	0.01382
33.23333	0.01350
33.23333	-0.00052
33.23333	0.00738
33.23333	0.00770
33.23333	0.00931
33.23333	0.00174
33.25000	-0.00309
33.25000	0.00367
33.25000	-0.00213
33.25000	-0.00068
33.25000	0.09535
33.25000	0.09680
33.25000	-0.00084
33.25000	-0.00084
33.25000	0.08101
33.25000	0.07376
33.25000	0.07923
33.25000	0.08068
33.25000	0.07569
33.25000	0.08262
33.25000	0.08213
33.25000	0.07746
33.25000	0.07778
33.23333	0.08230
33.23333	0.07762
33.21667	0.07279
33.16667	0.08213
32.43333	0.10952
30.98333	0.00915
29.56667	0.00174
28.55000	0.02059
28.36667	-0.00164
28.36667	-0.00084
28.36667	-0.00164
28.38333	-0.00632
28.38333	-0.00180
28.40000	-0.00116
28.40000	-0.00100
28.40000	0.00013
28.40000	-0.00213
28.40000	-0.00487
28.40000	-0.00132
28.40000	-0.00148
28.40000	0.00480
28.40000	-0.00068
28.40000	-0.00213
28.40000	-0.00325
28.40000	0.00013
28.40000	-0.00019
28.40000	0.00061
28.40000	0.01125
28.40000	-0.00052
28.40000	-0.00052
28.40000	0.06280
28.40000	0.06957
28.40000	0.10034
28.40000	0.10002
28.40000	0.09953
28.40000	0.09615
28.40000	0.10195
28.40000	0.10695
28.40000	0.10324
28.40000	0.10598
28.40000	0.09841
28.40000	0.10195
28.40000	0.10276
28.40000	0.10034
28.40000	0.10098
28.40000	0.10050
28.38333	0.09663
28.38333	0.09889
28.38333	0.10324
28.36667	0.09535
28.36667	0.09808
28.36667	0.10002
28.35000	0.10356
28.35000	0.10372
28.33333	0.10324
28.33333	0.10147
28.31667	0.10437
28.30000	0.10034
28.11667	0.09712
27.98333	-0.00293
27.96667	0.00738
27.96667	0.00480
27.98333	-0.00632
27.98333	-0.00309
27.98333	-0.00132
28.00000	-0.00454
28.00000	-0.00180
28.00000	-0.00245
28.00000	-0.00068
28.00000	0.01946
28.00000	-0.00261
28.00000	0.00206
28.00000	-0.00116
28.00000	0.01495
28.00000	0.08632
28.00000	-0.00052
28.00000	-0.00084
28.00000	0.09357
28.00000	0.10050
28.00000	0.02639
28.00000	0.01270
28.00000	0.02333
28.00000	0.03525
28.00000	0.03026
28.00000	0.03348
28.00000	0.03396
28.00000	0.03686
28.00000	0.03364
28.00000	0.03445
28.01667	0.03702
28.01667	0.03670
28.01667	0.03493
28.01667	0.03412
28.00000	0.02961
28.00000	0.03557
28.00000	0.03203
28.00000	0.03316
28.00000	0.03638
28.00000	0.03702
27.98333	0.03412
27.98333	0.03283
27.98333	0.03267
27.98333	0.03573
27.98333	0.03122
27.98333	0.03686
27.98333	0.03702
27.98333	0.03155
27.98333	0.04170
27.96667	0.03509
27.96667	0.03767
27.95000	0.03896
27.93333	0.03638
27.93333	0.03493
27.91667	0.03525
27.88333	0.03412
27.30000	0.06796
26.45000	0.09857
26.05000	0.09631
25.83333	0.09599
25.78333	0.09841
25.70000	0.09438
25.66667	0.09535
25.66667	0.10082
25.68333	0.09825
25.70000	0.09470
25.70000	0.09663
25.70000	0.09599
25.70000	0.09905
25.70000	0.10018
25.70000	0.09228
25.70000	0.10308
25.70000	0.10356
25.70000	0.10195
25.71667	0.09857
25.71667	0.09857
25.71667	0.09728
25.71667	0.09615
25.71667	0.09905
25.71667	0.09535
25.71667	0.09228
25.71667	0.09551
25.71667	0.09792
25.71667	0.09728
25.71667	0.09647
25.71667	0.09454
25.71667	0.07102
25.71667	0.06425
25.71667	0.06554
25.71667	0.07778
25.71667	0.08052
25.71667	0.07650
25.71667	0.07424
25.71667	0.07166
25.71667	0.07633
25.71667	0.07472
25.71667	0.07182
25.70000	0.07569
25.68333	0.08068
25.63333	0.08358
24.88333	0.09406
24.30000	0.08938
24.28333	0.08375
24.28333	0.08568
24.28333	0.08407
24.30000	0.08584
24.30000	0.08036
24.30000	0.08584
24.31667	0.07988
24.31667	0.08407
24.31667	0.08793
24.31667	0.08826
24.31667	0.08938
24.31667	0.08068
24.31667	0.06280
24.31667	0.06087
24.31667	0.06361
24.31667	0.07247
24.31667	0.06731
24.31667	0.07086
24.31667	0.06828
24.31667	0.07392
24.31667	0.06844
24.33333	0.07231
24.33333	0.07488
24.33333	0.07295
24.33333	0.06828
24.33333	0.07086
24.33333	0.07279
24.33333	0.07472
24.33333	0.07118
24.33333	0.07698
24.33333	0.07231
24.33333	0.08020
24.33333	0.07424
24.33333	0.08391
24.33333	0.08874
24.33333	0.08020
24.35000	0.08471
24.35000	0.08552
24.35000	0.08503
24.35000	0.08503
24.35000	0.08052
24.35000	0.08294
24.35000	0.08455
24.35000	0.08600
24.35000	0.08520
24.35000	0.08793
24.35000	0.08503
24.35000	0.07827
24.35000	0.08439
24.35000	0.08503
24.35000	0.08230
24.35000	0.08326
24.35000	0.08246
24.35000	0.07811
24.35000	0.08052
24.35000	0.08520
24.35000	0.08085
24.35000	0.08230
24.35000	0.08536
24.35000	0.08197
24.35000	0.08310
24.35000	0.08584
24.35000	0.08439
24.35000	0.08230
24.35000	0.08616
24.35000	0.08375
24.35000	0.08165
24.35000	0.08230
24.35000	0.07988
24.35000	0.08101
24.35000	0.08197
24.35000	0.07956
24.35000	0.08052
24.35000	0.08536
24.35000	0.07859
24.35000	0.07795
24.35000	0.08439
24.35000	0.08036
24.35000	0.08246
24.35000	0.08423
24.35000	0.07859
24.35000	0.07827
24.35000	0.08278
24.35000	0.08439
24.35000	0.08423
24.35000	0.08133
24.35000	0.08068
24.35000	0.08036
24.35000	0.07859