1.795999999999999943e+02 3.813509999999999955e+00
1.755666699999999878e+02 2.936080000000000023e+00
1.753499999999999943e+02 3.080919999999999881e+00
1.736833300000000122e+02 3.109599999999999920e+00
1.696500000000000057e+02 2.860679999999999890e+00
1.653333299999999895e+02 2.743549999999999933e+00
1.610833299999999895e+02 2.485609999999999875e+00
1.590666699999999878e+02 2.334319999999999951e+00
1.570666699999999878e+02 2.079759999999999831e+00
1.514666699999999935e+02 1.977139999999999898e+00
1.514499999999999886e+02 1.985030000000000072e+00
1.508166699999999878e+02 1.944110000000000005e+00
1.487166699999999935e+02 1.808929999999999927e+00
1.486333300000000008e+02 1.795560000000000045e+00
1.458000000000000114e+02 1.655720000000000081e+00
1.454499999999999886e+02 1.672469999999999901e+00
1.420500000000000114e+02 1.504590000000000094e+00
1.409000000000000057e+02 1.439829999999999943e+00
1.402333299999999952e+02 1.429030000000000022e+00
1.370333300000000065e+02 1.306100000000000039e+00
1.341166699999999992e+02 1.183009999999999895e+00
1.340666699999999878e+02 1.188010000000000010e+00
1.320500000000000114e+02 1.104070000000000107e+00
1.319833299999999952e+02 1.104070000000000107e+00
1.301166699999999992e+02 1.051220000000000043e+00
1.278166700000000020e+02 9.840400000000000258e-01
1.269500000000000028e+02 9.468199999999999950e-01
1.258333300000000037e+02 8.933299999999999574e-01
1.240499999999999972e+02 8.490299999999999514e-01
1.216833299999999980e+02 8.029500000000000526e-01
1.181500000000000057e+02 7.032199999999999562e-01
1.180666700000000020e+02 7.209400000000000253e-01
1.179833299999999952e+02 6.985500000000000043e-01
1.179666699999999935e+02 6.676199999999999912e-01
1.161666699999999963e+02 6.297500000000000320e-01
1.149166699999999963e+02 5.538699999999999735e-01
1.096666699999999963e+02 5.105300000000000393e-01
1.071333300000000008e+02 4.839499999999999913e-01
1.060499999999999972e+02 4.299799999999999733e-01
1.044500000000000028e+02 4.064499999999999780e-01
1.025833300000000037e+02 3.945299999999999918e-01
1.025333300000000065e+02 3.930799999999999850e-01
9.993332999999999799e+01 3.726200000000000068e-01
9.783333000000000368e+01 3.507100000000000217e-01
9.411666999999999916e+01 3.297599999999999976e-01
9.413333000000000084e+01 2.907699999999999729e-01
9.121666999999999348e+01 3.188099999999999823e-01
8.834999999999999432e+01 3.044700000000000184e-01
8.584999999999999432e+01 2.759499999999999731e-01
8.221666999999999348e+01 2.588699999999999890e-01
7.954999999999999716e+01 2.451800000000000090e-01
7.628333000000000652e+01 2.137600000000000056e-01
7.520000000000000284e+01 2.139199999999999990e-01
7.009999999999999432e+01 3.168699999999999850e-01
6.711666999999999916e+01 3.089799999999999769e-01
6.704999999999999716e+01 1.974899999999999989e-01
6.493332999999999799e+01 1.910499999999999976e-01
6.160000000000000142e+01 1.755800000000000138e-01
5.903332999999999942e+01 1.709100000000000064e-01
5.539999999999999858e+01 2.498499999999999888e-01
5.539999999999999858e+01 1.527000000000000024e-01
4.785000000000000142e+01 2.343899999999999872e-01
4.588333000000000084e+01 1.444799999999999973e-01
4.331667000000000201e+01 1.317599999999999882e-01
4.068332999999999799e+01 2.514600000000000168e-01
4.066667000000000343e+01 1.257999999999999952e-01
3.693332999999999799e+01 1.208000000000000046e-01
3.243332999999999799e+01 1.095200000000000062e-01
2.839999999999999858e+01 1.069500000000000034e-01
2.800000000000000000e+01 1.005000000000000060e-01
2.569999999999999929e+01 1.035599999999999993e-01
