Sensor Position (Radians)	Light Intensity (Volts)
0.00000	0.61238
0.00000	0.61190
0.00000	0.61077
0.00000	0.60948
0.00000	0.61109
0.00000	0.61093
0.00000	0.61061
0.00000	0.61061
0.00000	0.61158
0.00000	0.60964
0.00000	0.60900
0.00000	0.61270
0.00000	0.61238
0.00000	0.61109
0.00000	0.61383
0.00000	0.61061
0.00000	0.61174
0.00000	0.60948
0.00000	0.60980
0.00000	0.61174
0.00000	0.61077
0.00000	0.60980
0.00000	0.61158
0.00000	0.61238
0.00000	0.61222
0.00000	0.61270
0.00436	0.61125
0.00873	0.61077
0.01309	0.60900
0.01745	0.60884
0.02182	0.60787
0.02618	0.60787
0.03054	0.60368
0.03491	0.60368
0.03927	0.60191
0.04363	0.60078
0.04800	0.59869
0.05236	0.59627
0.05672	0.59595
0.06109	0.59160
0.06545	0.59176
0.07418	0.58774
0.07854	0.58564
0.07854	0.58178
0.08290	0.58210
0.09163	0.57936
0.09599	0.57469
0.09599	0.57340
0.10036	0.57292
0.10472	0.56744
0.11345	0.56583
0.11781	0.56277
0.12217	0.55616
0.13090	0.55391
0.13526	0.54585
0.13963	0.54940
0.14399	0.54376
0.14835	0.54102
0.15272	0.53538
0.15708	0.53313
0.16144	0.52443
0.17453	0.51944
0.18326	0.51267
0.18762	0.50655
0.19199	0.50317
0.20071	0.49656
0.20508	0.48545
0.20944	0.48497
0.21380	0.47836
0.22253	0.47047
0.23126	0.46644
0.23562	0.45774
0.23562	0.45935
0.23998	0.45372
0.24435	0.44921
0.24871	0.44421
0.25307	0.43551
0.25744	0.43213
0.26180	0.43004
0.26616	0.42166
0.27489	0.41876
0.27925	0.40732
0.28798	0.40104
0.29234	0.39653
0.29671	0.39202
0.30543	0.38091
0.30980	0.37591
0.31416	0.37479
0.31416	0.36979
0.31852	0.36721
0.32289	0.36222
0.32289	0.35819
0.32725	0.35739
0.32725	0.35288
0.33161	0.34821
0.33598	0.34466
0.34034	0.33838
0.34470	0.33435
0.34907	0.33162
0.34907	0.32533
0.35343	0.32340
0.36216	0.31792
0.36652	0.30778
0.36652	0.30971
0.37088	0.30488
0.37525	0.29682
0.37961	0.29586
0.37961	0.29070
0.38397	0.28635
0.38834	0.28088
0.38834	0.27959
0.39270	0.27926
0.39270	0.27588
0.39706	0.27459
0.39706	0.27121
0.39706	0.27169
0.39706	0.26944
0.39706	0.26670
0.40143	0.26831
0.40143	0.26767
0.40143	0.27073
0.40143	0.26783
0.40143	0.26606
0.40143	0.26734
0.40143	0.26622
0.40143	0.26751
0.40143	0.26686
0.40143	0.26751
0.40143	0.26686
0.40143	0.26686
0.40143	0.26847
0.40143	0.26702
0.40143	0.26831
0.40143	0.27008
0.40143	0.26670
0.40143	0.26638
0.40143	0.26670
0.40143	0.26896
0.40143	0.26767
0.40143	0.26863
0.40143	0.26815
0.40143	0.26686
0.40143	0.26912
0.40143	0.26928
0.40143	0.26686
0.40143	0.26606
0.40143	0.27121
0.40143	0.26589
0.40143	0.26799
0.40143	0.26847
0.40143	0.26686
0.40143	0.26606
0.40143	0.26896
0.40143	0.26734
0.40143	0.26670
0.40143	0.26751
0.40143	0.26477
0.40143	0.26396
0.40143	0.26686
0.40143	0.26573
0.40143	0.26525
0.40143	0.26541
0.40143	0.26557
0.40143	0.26815
0.40143	0.26364
0.40143	0.26348
0.40143	0.26396
0.40143	0.26251
0.40143	0.26332
0.40143	0.26332
0.40143	0.26219
0.40143	0.26622
0.40579	0.26332
0.40579	0.26267
0.40579	0.26155
0.40579	0.26300
0.40579	0.26155
0.40579	0.26235
0.40579	0.26203
0.40579	0.26300
0.40579	0.26155
0.40579	0.26348
0.40579	0.26090
0.40579	0.26300
0.40579	0.26074
0.40579	0.26251
0.40579	0.26235
0.40579	0.26235
0.40579	0.26267
0.40579	0.26058
0.40579	0.25993
0.40579	0.26267
0.40579	0.26396
0.40579	0.25848
0.40579	0.26267
0.40579	0.26396
0.40579	0.26090
0.40579	0.26026
0.40579	0.26332
0.40579	0.26090
0.40579	0.26203
0.40579	0.26106
0.40579	0.26203
0.40579	0.26380
0.40579	0.26332
0.40579	0.26138
0.40579	0.26074
0.40579	0.26444
0.40579	0.26155
0.40579	0.26316
0.40579	0.26219
0.40579	0.26187
0.40579	0.26300
0.40579	0.26267
0.40579	0.25993
0.40579	0.26187
0.40579	0.26106
0.40579	0.26267
0.40579	0.26380
0.40579	0.26461
0.40579	0.26106
0.40579	0.26396
0.40579	0.26573
0.40579	0.26171
0.40579	0.26267
0.40579	0.26428
0.40579	0.26348
0.40579	0.26300
0.40579	0.26348
0.40579	0.26477
0.40579	0.26541
0.40579	0.26074
0.40579	0.26267
0.40579	0.26525
0.40579	0.26316
0.40579	0.25913
0.40579	0.26300
0.40579	0.26493
0.40579	0.26316
0.40579	0.26396
0.40579	0.26396
0.40579	0.26138
0.40579	0.26138
0.40579	0.26509
0.40579	0.26396
0.40579	0.26477
0.40579	0.26348
0.40579	0.26267
0.40579	0.26380
0.40579	0.26283
0.40579	0.26557
0.40579	0.26557
0.40579	0.26251
0.40579	0.26606
0.40579	0.26235
0.40579	0.26283
0.40579	0.26203
0.40579	0.26364
0.40579	0.26380
0.40579	0.26444
0.40579	0.26251
0.40579	0.26332
0.40579	0.25913
0.40579	0.26106
0.40579	0.26332
0.40579	0.26171
0.40579	0.25945
0.40579	0.25945
0.40579	0.26171
0.40579	0.26106
0.40579	0.25961
0.40579	0.25655
0.40579	0.26171
0.40579	0.25784
0.40579	0.25800
0.40579	0.25816
0.40579	0.25736
0.40579	0.25768
0.41015	0.25285
0.41015	0.25704
0.41015	0.25365
0.41015	0.25671
0.41015	0.25446
0.41015	0.25510
0.41015	0.25301
0.41452	0.25108
0.43633	0.22917
0.44942	0.21161
0.44942	0.20952
0.44942	0.21129
0.44942	0.21290
0.44942	0.21032
0.45379	0.20871
0.45379	0.20565
0.45815	0.20307
0.45815	0.19905
0.45815	0.20178
0.46251	0.19599
0.46251	0.19760
0.46251	0.19518
0.46688	0.19405
0.46688	0.19228
0.46688	0.18906
0.47124	0.18713
0.47560	0.18423
0.47560	0.18439
0.47997	0.17955
0.47997	0.17762
0.48433	0.17649
0.48433	0.17392
0.48869	0.16989
0.48869	0.16683
0.49306	0.16345
0.49306	0.16393
0.49742	0.16200
0.49742	0.15588
0.50178	0.15475
0.50615	0.14927
0.51051	0.14879
0.51051	0.14428
0.51487	0.14122
0.51487	0.13671
0.51924	0.13622
0.52360	0.13429
0.52796	0.13026
0.52796	0.12382
0.53233	0.12559
0.53669	0.11899
0.54105	0.11673
0.54542	0.11416
0.54978	0.10836
0.54978	0.10771
0.55414	0.10288
0.55414	0.10336
0.55851	0.09885
0.55851	0.09773
0.56287	0.09644
0.56287	0.09595
0.56723	0.09434
0.56723	0.09112
0.57160	0.08951
0.57160	0.08774
0.57160	0.08677
0.57596	0.08629
0.57596	0.08097
0.58032	0.07968
0.58469	0.07840
0.58469	0.07662
0.58905	0.07115
0.59341	0.06889
0.59778	0.06664
0.60214	0.06648
0.60214	0.06229
0.60650	0.05939
0.61087	0.05939
0.61087	0.05810
0.61523	0.05649
0.61523	0.05037
0.61959	0.05294
0.61959	0.05005
0.62396	0.04876
0.62396	0.04698
0.62832	0.04280
0.62832	0.04473
0.63268	0.04199
0.63268	0.04876
0.63705	0.03748
0.63705	0.03829
0.64141	0.03861
0.64141	0.03506
0.64141	0.03523
0.64577	0.03410
0.64577	0.03684
0.64577	0.03313
0.65014	0.03184
0.65014	0.03072
0.65450	0.03136
0.65450	0.02588
0.65450	0.02765
0.65886	0.02637
0.65886	0.02492
0.66323	0.02347
0.66759	0.02041
0.66759	0.02395
0.66759	0.01960
0.67195	0.01944
0.67195	0.02089
0.67632	0.01751
0.67632	0.01944
0.67632	0.01509
0.68068	0.01638
0.68068	0.01847
0.68068	0.01348
0.68068	0.01509
0.68068	0.01573
0.68068	0.01461
0.68068	0.01525
0.68068	0.01638
0.68068	0.01686
0.68068	0.01863
0.68068	0.02298
0.68068	0.01606
0.68068	0.01606
0.68068	0.01573
0.68068	0.01638
0.68068	0.01525
0.68068	0.01638
0.68068	0.01654
0.68068	0.01880
0.68068	0.01638
0.68068	0.01654
0.68504	0.01348
0.69377	0.00655
0.70250	0.00768
0.71122	0.00510
0.71995	-0.00231
0.72431	0.00188
0.72431	-0.00086
0.72867	-0.00231
0.73304	-0.00311
0.73740	-0.00295
0.74176	-0.00504
0.74613	-0.00633
0.74613	-0.00408
0.75049	-0.00682
0.75485	-0.00521
0.75922	-0.00714
0.75922	-0.01004
0.76358	-0.00666
0.76794	-0.00956
0.77231	-0.00859
0.77667	-0.00875
0.78103	-0.01036
0.78540	-0.01117
0.78540	-0.00988
0.78540	-0.00891
0.78540	-0.01213
0.78976	-0.00891
0.79412	-0.00875
0.79849	-0.00939
0.80285	-0.00907
0.80285	-0.01004
0.80721	-0.00827
0.80721	-0.00988
0.81158	-0.00875
0.81594	-0.00666
0.82030	-0.00939
0.82030	-0.01004
0.82467	-0.00585
0.82467	-0.00698
0.82903	-0.00537
0.82903	-0.00553
0.83339	-0.00617
0.83776	-0.00456
0.84212	-0.00521
0.84212	-0.00408
0.84648	-0.00311
0.85085	-0.00472
0.85085	-0.00021
0.85521	-0.00118
0.85521	-0.00279
0.85957	-0.00086
0.85957	0.00059
0.86394	0.00027
0.86394	0.00188
0.86394	0.00140
0.86830	-0.00037
0.87266	0.00204
0.87703	0.00736
0.87703	0.00462
0.88139	0.00575
0.88139	0.00559
0.88575	0.00800
0.89012	0.01106
0.89448	0.00849
0.89448	0.01445
0.89884	0.01348
0.90321	0.01525
0.90757	0.01525
0.90757	0.01815
0.91193	0.01670
0.91193	0.02041
0.91193	0.02121
0.91630	0.02105
0.91630	0.02121
0.92066	0.02508
0.92066	0.02379
0.92502	0.02508
0.92502	0.02717
0.92939	0.03007
0.93375	0.02862
0.93811	0.03184
0.94248	0.03651
0.94248	0.03506
0.94684	0.03812
0.94684	0.03748
0.95120	0.04135
0.95120	0.04119
0.95557	0.04247
0.95993	0.04328
0.96429	0.04972
0.96429	0.04618
0.96866	0.05117
0.96866	0.05488
0.97302	0.05182
0.97302	0.05504
0.97738	0.05294
0.97738	0.05601
0.98175	0.05633
0.98175	0.05955
0.98611	0.06293
0.98611	0.06438
0.99047	0.06744
0.99047	0.06857
0.99484	0.07082
0.99484	0.07002
0.99484	0.07227
0.99920	0.07340
0.99920	0.07695
1.00356	0.07646
1.00356	0.07533
1.00356	0.07888
1.00793	0.07968
1.00793	0.08033
1.01229	0.07936
1.01229	0.08274
1.01665	0.08484
1.01665	0.08806
1.02102	0.08854
1.02102	0.09096
1.02538	0.09402
1.02538	0.09515
1.02974	0.09144
1.02974	0.09724
1.03411	0.10014
1.03411	0.10079
1.03847	0.10272
1.03847	0.10546
1.04283	0.10820
1.04283	0.11029
1.04720	0.11222
1.04720	0.11480
1.05156	0.11206
1.05156	0.11689
1.05592	0.11722
1.06029	0.12463
1.06029	0.12463
1.06465	0.12753
1.06465	0.12978
1.06901	0.13139
1.07338	0.13574
1.07338	0.13445
1.07774	0.13864
1.08210	0.13832
1.08210	0.14541
1.08647	0.14669
1.09083	0.15072
1.09083	0.14943
1.09519	0.15410
1.09519	0.15620
1.09956	0.15894
1.10392	0.16296
1.10828	0.16683
1.11265	0.17053
1.11701	0.17440
1.11701	0.17488
1.12137	0.17907
1.12137	0.17955
1.12574	0.18229
1.12574	0.18471
1.13010	0.18696
1.13446	0.19099
1.13446	0.19164
1.13883	0.19389
1.13883	0.19760
1.14319	0.19792
1.14319	0.19969
1.14755	0.20017
1.14755	0.20565
1.15192	0.21097
1.15628	0.21097
1.16064	0.21838
1.16501	0.22562
1.16501	0.22079
1.16937	0.22289
1.16937	0.22385
1.17373	0.22611
1.17373	0.23030
1.17373	0.23046
1.17810	0.23126
1.17810	0.23352
1.18246	0.23738
1.18246	0.23948
1.18682	0.23948
1.19119	0.24286
1.19555	0.24705
1.19555	0.25236
1.19991	0.25430
1.19991	0.25478
1.20428	0.25768
1.20428	0.25897
1.20428	0.25865
1.20428	0.25945
1.20864	0.26122
1.20864	0.26541
1.21300	0.26316
1.21300	0.26847
1.21737	0.26847
1.21737	0.27330
1.22173	0.27427
1.22173	0.27975
1.22609	0.27943
1.23046	0.28345
1.23046	0.28345
1.23482	0.28796
1.23918	0.28748
1.23918	0.29183
1.24355	0.29376
1.24355	0.29586
1.24791	0.30085
1.25227	0.29892
1.25227	0.30552
1.25664	0.30649
1.25664	0.30778
1.26100	0.30955
1.26100	0.31196
1.26536	0.31261
1.26973	0.31680
1.26973	0.31825
1.27409	0.31953
1.27409	0.32517
1.27845	0.32549
1.28282	0.33097
1.28718	0.33178
1.29154	0.33564
1.29154	0.33790
1.29591	0.34015
1.30027	0.34466
1.30027	0.34257
1.30463	0.34676
1.30900	0.34740
1.31336	0.35175
1.31336	0.35256
1.31772	0.35852
1.31772	0.35691
1.32209	0.36174
1.32645	0.36174
1.32645	0.36319
1.33081	0.36705
1.33518	0.36963
1.33518	0.36931
1.33954	0.37430
1.34390	0.37785
1.34390	0.37430
1.34827	0.37962
1.34827	0.38139
1.35263	0.38381
1.35699	0.38413
1.35699	0.38413
1.36136	0.39073
1.36136	0.39089
1.36136	0.38928
1.36572	0.39476
1.36572	0.39234
1.37008	0.39347
1.37008	0.39669
1.37445	0.39653
1.37445	0.39846
1.37881	0.39991
1.38317	0.40265
1.38317	0.40217
1.38317	0.40217
1.38317	0.40668
1.38754	0.40410
1.38754	0.40523
1.38754	0.40571
1.38754	0.40587
1.39190	0.40587
1.39190	0.40797
1.39190	0.40491
1.39190	0.40829
1.39190	0.40877
1.39190	0.40877
1.39190	0.40507
1.39190	0.40942
1.39190	0.40813
1.39190	0.40684
1.39190	0.40877
1.39190	0.40894
1.39190	0.40732
1.39190	0.40523
1.39190	0.40604
1.39190	0.40877
1.39190	0.40587
1.39190	0.40636
1.39190	0.40732
1.39190	0.40507
1.39190	0.40813
1.39626	0.40894
1.39626	0.41892
1.40063	0.41538
1.40935	0.41425
1.41808	0.42102
1.42244	0.42392
1.42244	0.42649
1.42681	0.42762
1.43117	0.42682
1.43117	0.43004
1.43553	0.42955
1.43990	0.43020
1.44426	0.43535
1.44862	0.43632
1.44862	0.43567
1.45735	0.43809
1.46171	0.44067
1.46608	0.43841
1.47044	0.44325
1.47480	0.44550
1.47917	0.44421
1.47917	0.44453
1.48353	0.44679
1.48789	0.44727
1.49226	0.45033
1.49662	0.45049
1.50098	0.44921
1.50535	0.44792
1.50971	0.45130
1.51407	0.45114
1.51407	0.45275
1.51407	0.45130
1.51407	0.45049
1.51844	0.45194
1.52280	0.45339
1.52716	0.45114
1.52716	0.45468
1.53153	0.45307
1.53589	0.45533
1.53589	0.45001
1.54025	0.45404
1.54462	0.45484
1.54898	0.45420
1.54898	0.45275
1.55334	0.45533
1.55771	0.45211
1.56207	0.45049
1.56643	0.45549
1.57080	0.45388
1.57516	0.45404
1.57952	0.45098
1.58389	0.45420
1.58825	0.45194
1.58825	0.45098
1.59261	0.44872
1.59698	0.45001
1.59698	0.44808
1.60134	0.44856
1.60570	0.44582
1.61007	0.44711
1.61443	0.45420
1.61879	0.44341
1.62316	0.44389
1.62752	0.44276
1.62752	0.44002
1.63188	0.43906
1.63625	0.44018
1.64061	0.43455
1.64061	0.43551
1.64497	0.43503
1.64934	0.43390
1.65370	0.43165
1.65370	0.43310
1.65370	0.43294
1.65806	0.42971
1.66243	0.42859
1.66679	0.42649
1.67115	0.42537
1.67115	0.42408
1.67552	0.42504
1.67988	0.42069
1.67988	0.41908
1.68424	0.41634
1.68861	0.41490
1.69297	0.41345
1.69297	0.41135
1.69733	0.40942
1.70170	0.40571
1.70606	0.40652
1.71042	0.40153
1.71479	0.39927
1.71915	0.39927
1.72788	0.39041
1.73224	0.39250
1.73224	0.38848
1.73660	0.38767
1.73660	0.38510
1.73660	0.38783
1.74097	0.38171
1.74097	0.38284
1.74533	0.38187
1.74969	0.37575
1.74969	0.37656
1.75406	0.37189
1.75406	0.37140
1.75842	0.37156
1.76278	0.36770
1.76278	0.36625
1.76715	0.36303
1.77151	0.36206
1.77587	0.35691
1.77587	0.35449
1.78460	0.34998
1.78460	0.34885
1.78896	0.34466
1.79333	0.34031
1.79333	0.34418
1.79769	0.33645
1.80205	0.33484
1.80642	0.33387
1.80642	0.33017
1.81078	0.32839
1.81078	0.32372
1.81514	0.32292
1.81951	0.32243
1.81951	0.31873
1.82387	0.31680
1.82823	0.31374
1.82823	0.31196
1.83260	0.30939
1.83696	0.30278
1.84132	0.30133
1.84569	0.29811
1.85005	0.29489
1.85005	0.29424
1.85005	0.28973
1.85441	0.28909
1.85878	0.28635
1.85878	0.28635
1.86314	0.27717
1.86750	0.27363
1.87187	0.27330
1.87623	0.26879
1.87623	0.26589
1.88059	0.26348
1.88496	0.26251
1.88932	0.25559
1.89368	0.25124
1.89368	0.24946
1.89805	0.24511
1.90241	0.24511
1.90677	0.23754
1.90677	0.23851
1.91114	0.23626
1.91550	0.23110
1.91550	0.22901
1.91986	0.22611
1.92423	0.22272
1.92423	0.22079
1.92859	0.21322
1.93295	0.21113
1.94168	0.20646
1.94168	0.20436
1.94604	0.19888
1.95041	0.19582
1.95477	0.18890
1.95913	0.18616
1.96350	0.18278
1.96786	0.18068
1.97222	0.18036
1.97222	0.17343
1.97659	0.17118
1.98095	0.16538
1.98531	0.16167
1.98968	0.15620
1.99404	0.15459
1.99840	0.15008
2.00277	0.14573
2.00713	0.14476
2.00713	0.14170
2.01149	0.14090
2.01586	0.13558
2.01586	0.13542
2.02022	0.13107
2.02458	0.12833
2.02895	0.12511
2.02895	0.12285
2.03331	0.11979
2.03331	0.11754
2.03331	0.11657
2.03331	0.11786
2.03331	0.11738
2.03331	0.11480
2.03331	0.11722
2.03331	0.11915
2.03331	0.11722
2.03331	0.11754
2.03331	0.11706
2.03331	0.11883
2.03331	0.11979
2.03331	0.11834
2.03331	0.11979
2.03331	0.11625
2.03331	0.11850
2.03331	0.11818
2.03331	0.11818
2.03331	0.11625
2.03331	0.12044
2.03331	0.11673
2.03331	0.11786
2.03767	0.11834
2.03767	0.11754
2.03767	0.11641
2.04640	0.10868
2.05076	0.10481
2.05949	0.09724
2.05949	0.09789
2.05949	0.09531
2.06385	0.09579
2.06822	0.08935
2.07694	0.08516
2.08131	0.07743
2.08567	0.07823
2.09003	0.07533
2.09440	0.07179
2.09876	0.06712
2.10312	0.06406
2.10749	0.06068
2.11185	0.05633
2.11621	0.05681
2.12058	0.05149
2.12058	0.05149
2.12494	0.04698
2.12494	0.04924
2.12930	0.04553
2.13367	0.04360
2.13803	0.03941
2.14239	0.03748
2.14675	0.03748
2.14675	0.03426
2.15112	0.03329
2.15548	0.02943
2.15984	0.02669
2.16421	0.02508
2.16857	0.02540
2.17293	0.01799
2.17730	0.02604
2.18166	0.01718
2.18602	0.01638
2.18602	0.01461
2.19039	0.01541
2.19039	0.01074
2.19475	0.01090
2.19911	0.01010
2.20348	0.00736
2.20784	0.00720
2.21220	0.00478
2.21657	0.00543
2.22093	0.00220
2.22529	0.00124
2.22966	0.00075
2.23402	-0.00424
2.23838	-0.00134
2.24275	-0.00376
2.25147	-0.00762
2.25584	-0.00923
2.26456	-0.00633
2.26893	-0.00859
2.27329	-0.00859
2.27765	-0.00730
2.28638	-0.01245
2.29074	-0.00923
2.29511	-0.01149
2.29947	-0.01213
2.30820	-0.00762
2.31692	-0.01004
2.32129	-0.01100
2.33001	-0.00859
2.33438	-0.00682
2.33438	-0.00714
2.33874	-0.00504
2.34310	-0.00585
2.34310	-0.00698
2.34747	-0.00456
2.35183	-0.00263
2.35619	-0.00295
2.36492	-0.00134
2.36928	0.00236
2.37365	0.00462
2.37801	0.00510
2.38674	0.00752
2.39110	0.01267
2.39546	0.01171
2.39983	0.01573
2.40855	0.01590
2.41292	0.01960
2.41292	0.02105
2.41728	0.02186
2.42164	0.02540
2.42601	0.02363
2.43037	0.02782
2.43473	0.03007
2.43910	0.03394
2.44346	0.03716
2.44782	0.04167
2.45219	0.04312
2.45655	0.04682
2.46091	0.04715
2.46964	0.05520
2.47400	0.05681
2.47837	0.06035
2.48273	0.06728
2.48709	0.06905
2.49146	0.07179
2.50018	0.07550
2.50455	0.07968
2.50455	0.08162
2.51327	0.08774
2.51764	0.09160
2.52200	0.09724
2.52636	0.09789
2.53073	0.10159
2.53509	0.10755
2.53945	0.10932
2.54382	0.11544
2.54818	0.12237
2.55254	0.12495
2.55691	0.13123
2.56127	0.13397
2.56563	0.13977
2.57436	0.14814
2.57872	0.14798
2.58309	0.15636
2.58745	0.15958
2.59181	0.16667
2.59618	0.17037
2.59618	0.17359
2.59618	0.17279
2.60054	0.17521
2.60054	0.17617
2.60490	0.17359
2.60490	0.18197
2.60490	0.18068
2.60927	0.18777
2.61363	0.18793
2.61799	0.19180
2.61799	0.19695
2.62236	0.19905
2.62672	0.20533
2.63108	0.20903
2.63545	0.21354
2.63545	0.21548
2.63545	0.21805
2.63981	0.22160
2.63981	0.22063
2.64417	0.22514
2.64417	0.22579
2.64417	0.22579
2.64417	0.22530
2.64417	0.22868
2.64417	0.22530
2.64417	0.22434
2.64417	0.22417
2.64417	0.22740
2.64417	0.22546
2.64417	0.22562
2.64417	0.22434
2.64417	0.22627
2.64417	0.22675
2.64417	0.22595
2.64417	0.22450
2.64417	0.22611
2.64417	0.22321
2.64417	0.22595
2.64417	0.22546
2.64417	0.22659
2.64417	0.22498
2.64417	0.22546
2.64417	0.22659
2.64417	0.22272
2.64417	0.22627
2.64417	0.22401
2.64417	0.22369
2.64417	0.22579
2.64417	0.22562
2.64417	0.22691
2.64417	0.22337
2.64417	0.22723
2.64417	0.22450
2.64417	0.22530
2.64417	0.22756
2.64854	0.22917
2.64854	0.23255
2.65290	0.23255
2.65290	0.23787
2.65726	0.23932
2.66163	0.24495
2.66163	0.24367
2.66163	0.24753
2.66599	0.24882
2.66599	0.25510
2.67035	0.25462
2.67472	0.26106
2.67472	0.26267
2.67908	0.26638
2.67908	0.26879
2.68344	0.27347
2.68344	0.27153
2.68344	0.27443
2.68781	0.27781
2.69217	0.28007
2.69217	0.28458
2.69653	0.28925
2.70090	0.29118
2.70090	0.29553
2.70526	0.29731
2.70962	0.30101
2.71399	0.30697
2.71835	0.31293
2.72271	0.31744
2.72708	0.32115
2.72708	0.32630
2.73144	0.32952
2.73580	0.33194
2.74017	0.34096
2.74017	0.34144
2.74453	0.34547
2.74889	0.35433
2.75326	0.35288
2.75762	0.36093
2.76198	0.36303
2.76198	0.36947
2.76635	0.37221
2.77071	0.37640
2.77507	0.37849
2.77507	0.38252
2.77944	0.38526
2.78380	0.38799
2.78380	0.39379
2.78816	0.39444
2.78816	0.39975
2.79253	0.40040
2.79253	0.40507
2.79689	0.40813
2.79689	0.41071
2.80125	0.41119
2.80562	0.41796
2.80562	0.42037
2.80998	0.41908
2.80998	0.42408
2.80998	0.42665
2.81434	0.42537
2.81871	0.43165
2.81871	0.43004
2.82307	0.43584
2.82307	0.43857
2.82743	0.43841
2.82743	0.43745
2.83180	0.44276
2.83180	0.44679
2.83616	0.45066
2.83616	0.45355
2.83616	0.45033
2.84052	0.45452
2.84489	0.45533
2.84489	0.45903
2.84489	0.46064
2.84489	0.46145
2.84925	0.46145
2.84925	0.46692
2.85361	0.46709
2.85361	0.46805
2.85361	0.46805
2.85361	0.46886
2.85361	0.47143
2.85798	0.46999
2.85798	0.47595
2.86234	0.47546
2.86234	0.48029
2.86670	0.48223
2.86670	0.48271
2.86670	0.48497
2.87107	0.48497
2.87107	0.48674
2.87543	0.48948
2.87543	0.48915
2.87979	0.49447
2.88416	0.49930
2.88416	0.50204
2.88852	0.50607
2.89288	0.50687
2.89288	0.50897
2.89725	0.51380
2.90161	0.51686
2.90597	0.51557
2.90597	0.52395
2.91034	0.52314
2.91470	0.52797
2.91906	0.52878
2.91906	0.53377
2.92343	0.53458
2.92779	0.53796
2.92779	0.54231
2.93215	0.53973
2.93652	0.54650
2.93652	0.54779
2.94088	0.54714
2.94524	0.54956
2.94524	0.55246
2.94961	0.55520
2.95397	0.55858
2.95397	0.55810
2.95833	0.56067
2.96270	0.56196
2.96270	0.56502
2.96706	0.56792
2.96706	0.56808
2.97142	0.57372
2.97579	0.56889
2.97579	0.57565
2.98015	0.57517
2.98015	0.57775
2.98451	0.57984
2.98451	0.58065
2.98888	0.58242
2.99324	0.58435
2.99324	0.58661
2.99760	0.58613
3.00197	0.58935
3.00633	0.59257
3.01069	0.59353
3.01506	0.59643
3.02378	0.59724
3.02815	0.60288
3.03251	0.60256
3.03251	0.60368
3.03687	0.60529
3.03687	0.60545
3.04124	0.60932
3.04560	0.60868
3.04996	0.60964
3.05433	0.61431
3.05869	0.61222
3.05869	0.61544
3.06742	0.61786
3.07178	0.61705
3.07614	0.61786
3.08051	0.61899
3.08051	0.61931
3.08487	0.61995
3.08923	0.62027
3.08923	0.62124
3.09360	0.62221
3.09796	0.62398
3.10232	0.62414
3.10669	0.62317
3.11105	0.62559
3.11541	0.62253
3.11978	0.62446
3.12414	0.62414
3.12850	0.62301
3.13723	0.62511
3.14159	0.62189
3.14159	0.62607
3.14596	0.62317