1.806166699999999992e+02 2.501720000000000166e+00
1.841999999999999886e+02 1.388470000000000093e+00
1.850333300000000065e+02 1.243500000000000050e+00
185.81667 1.13300
1.865833299999999895e+02 9.947899999999999521e-01
1.874499999999999886e+02 9.061900000000000510e-01
1.880833299999999895e+02 8.422500000000000542e-01
1.888833300000000008e+02 7.571900000000000297e-01
189.53333 0.67391
190.31667 0.58516
1.911999999999999886e+02 5.313600000000000545e-01
1.918666699999999992e+02 4.785200000000000009e-01
192.73333 0.44808
1.934166700000000105e+02 4.155400000000000205e-01
1.948333299999999895e+02 3.348400000000000265e-01
1.955166700000000048e+02 3.150200000000000222e-01
1.962333299999999952e+02 2.878000000000000003e-01
196.91667 0.25800
197.31667 0.24656
198.00000 0.22546
198.65000 0.20694
199.30000 0.18664
1.999000000000000057e+02 1.829399999999999915e-01
2.004833299999999952e+02 1.698900000000000132e-01
2.008833300000000008e+02 1.629599999999999937e-01
2.014499999999999886e+02 1.544300000000000117e-01
2.020333300000000065e+02 1.446000000000000063e-01
2.024499999999999886e+02 1.357399999999999995e-01
2.031166699999999992e+02 1.238199999999999995e-01
2.039000000000000057e+02 1.069100000000000050e-01
2.044833299999999952e+02 1.017499999999999932e-01
2.050666699999999878e+02 9.385999999999999899e-02
