1.804499999999999886e+02 4.197630000000000194e+00
1.836333300000000008e+02 2.576779999999999848e+00
1.850500000000000114e+02 1.979160000000000030e+00
1.857666700000000048e+02 1.746720000000000050e+00
1.865166700000000048e+02 1.523300000000000098e+00
1.873499999999999943e+02 1.331609999999999960e+00
1.880000000000000000e+02 1.196949999999999958e+00
1.887666700000000048e+02 1.044399999999999995e+00
1.896666700000000105e+02 9.095800000000000551e-01
1.904000000000000057e+02 8.156700000000000061e-01
1.911333300000000008e+02 7.320699999999999985e-01
1.918333299999999895e+02 6.581299999999999928e-01
1.926333300000000008e+02 5.849999999999999645e-01
1.933833300000000008e+02 5.218500000000000361e-01
1.941999999999999886e+02 4.583900000000000197e-01
1.949166700000000105e+02 4.261699999999999933e-01
1.956166699999999992e+02 3.652799999999999936e-01
1.963499999999999943e+02 3.648000000000000131e-01
1.973333299999999895e+02 3.177599999999999869e-01
1.982333299999999952e+02 2.847399999999999931e-01
1.988000000000000114e+02 2.660600000000000187e-01
1.994833299999999952e+02 2.580000000000000071e-01
1.999833299999999952e+02 2.617099999999999982e-01
2.006500000000000057e+02 2.338399999999999923e-01
2.012833300000000065e+02 2.145100000000000062e-01
2.020999999999999943e+02 2.067799999999999916e-01
2.028499999999999943e+02 1.842300000000000049e-01
2.033666699999999992e+02 1.724700000000000122e-01
204.10000 0.16055
204.48333 0.16329
2.049666699999999935e+02 1.740800000000000125e-01