1.806333300000000008e+02 2.034409999999999830e+00
1.821833300000000122e+02 6.447599999999999998e-01
1.830999999999999943e+02 3.245299999999999851e-01
1.839166700000000105e+02 2.391500000000000015e-01
1.844499999999999886e+02 1.943699999999999872e-01
1.849666699999999935e+02 1.582899999999999863e-01
1.859166700000000105e+02 1.117400000000000060e-01
1.866500000000000057e+02 7.049999999999999323e-02
1.874499999999999886e+02 6.019000000000000045e-02
1.883666699999999992e+02 3.039000000000000035e-02
1.890000000000000000e+02 1.621999999999999831e-02
1.898666699999999992e+02 5.429999999999999931e-03
1.905333300000000065e+02 1.363999999999999935e-02
1.912333299999999952e+02 4.619999999999999975e-03
1.920166700000000048e+02 7.199999999999999803e-03
1.920000000000000000e+02 4.619999999999999975e-03
1.921833300000000122e+02 4.139999999999999583e-03
1.926999999999999886e+02 3.810000000000000019e-03
1.934666699999999935e+02 5.749999999999999903e-03
1.944000000000000057e+02 5.259999999999999919e-03
1.945333300000000065e+02 9.450000000000000067e-03
1.952666700000000048e+02 7.519999999999999775e-03
1.954499999999999886e+02 8.810000000000000123e-03
1.962500000000000000e+02 7.199999999999999803e-03
1.962833300000000065e+02 8.319999999999999271e-03
1.970500000000000114e+02 8.000000000000000167e-03
1.975000000000000000e+02 9.450000000000000067e-03
1.978499999999999943e+02 7.839999999999999747e-03
1.983166699999999878e+02 6.230000000000000294e-03
1.985333300000000065e+02 5.590000000000000351e-03
1.987500000000000000e+02 7.839999999999999747e-03
1.989166700000000105e+02 3.490000000000000047e-03
1.990833299999999895e+02 3.810000000000000019e-03
1.991833300000000122e+02 4.460000000000000422e-03
1.992333299999999952e+02 4.460000000000000422e-03
1.992500000000000000e+02 3.170000000000000075e-03
1.995333300000000065e+02 3.170000000000000075e-03
1.995999999999999943e+02 1.719999999999999958e-03
1.998166699999999878e+02 1.879999999999999944e-03
2.003499999999999943e+02 3.650000000000000033e-03