Sensor Position (Degrees)	Light Intensity (Volts)
180.00000	0.00414
180.00000	0.00607
180.00000	0.00494
180.00000	0.00543
180.00000	0.00704
180.00000	0.00543
180.00000	0.00526
180.00000	0.00398
180.00000	0.00414
180.00000	0.00236
180.00000	0.00365
180.00000	0.00349
180.00000	0.00446
180.00000	0.00510
180.00000	0.00543
180.00000	0.00398
180.00000	0.00752
180.00000	0.00414
180.00000	0.00333
180.00000	0.00462
180.00000	0.00704
180.00000	0.00704
180.00000	0.00720
180.00000	0.00607
180.00000	0.00204
180.00000	0.00543
180.00000	0.00446
180.00000	0.00414
180.00000	0.00253
180.00000	0.00607
180.00000	0.00494
180.00000	0.00623
180.00000	0.00591
180.00000	0.00543
180.00000	0.00124
180.00000	0.00462
180.00000	0.00494
180.00000	0.00671
180.00000	0.00510
180.00000	0.00236
180.00000	0.00575
180.00000	0.00414
180.00000	0.00381
180.00000	0.00381
180.00000	0.00591
180.00000	0.00575
180.00000	0.00494
180.00000	0.00414
180.00000	0.00446
180.00000	0.00253
180.00000	0.00349
180.00000	0.00430
180.00000	0.00349
180.00000	0.00494
180.00000	0.00736
180.00000	0.00591
180.00000	0.00510
180.00000	0.00478
180.00000	0.00591
180.00000	0.00301
180.00000	0.00349
180.00000	0.00655
180.00000	0.00462
180.00000	0.00543
180.00000	0.00301
180.00000	0.00365
180.00000	0.00398
180.00000	0.00526
180.00000	0.00526
180.00000	0.00398
180.00000	0.00365
180.00000	0.00204
180.00000	0.00430
180.00000	0.00591
180.00000	0.00543
180.00000	0.00591
180.00000	0.00430
180.00000	0.00414
180.00000	0.00140
180.00000	0.00526
180.00000	0.00446
180.00000	0.00478
180.00000	0.00575
180.00000	0.00462
180.00000	0.00301
180.00000	0.00575
180.00000	0.00381
180.00000	0.00462
180.00000	0.00446
180.00000	0.00704
180.00000	0.00365
180.00000	0.00398
180.00000	0.00349
180.00000	0.00446
180.00000	0.00720
180.00000	0.00591
180.00000	0.00398
180.00000	0.00301
180.00000	0.00075
180.00000	0.00269
180.00000	0.00140
180.00000	0.00220
180.00000	0.00333
180.00000	0.00269
180.00000	0.00478
180.00000	0.00381
180.00000	0.00365
180.00000	0.00462
180.00000	0.00655
180.00000	0.00575
180.00000	0.00607
180.00000	0.00365
180.00000	0.00543
180.00000	0.00253
180.00000	0.00156
180.00000	0.00204
180.00000	0.00398
180.00000	0.00671
180.00000	0.00526
180.00000	0.00607
180.00000	0.00623
180.00000	0.00414
180.00000	0.00317
180.00000	0.00430
180.00000	0.00494
180.00000	0.00349
180.00000	0.00543
180.00000	0.00655
180.00000	0.00526
180.00000	0.00414
180.00000	0.00526
180.00000	0.00639
180.00000	0.00720
180.00000	0.00671
180.00000	0.00510
180.00000	0.00398
180.00000	0.00494
180.00000	0.00414
180.00000	0.00430
180.00000	0.00349
180.00000	0.00543
180.00000	0.00543
180.00000	0.00381
180.00000	0.00623
180.01667	0.01090
180.01667	0.01090
180.11667	0.09885
180.16667	0.39508
180.20000	0.56905
180.23333	0.72900
180.26667	0.88010
180.30000	1.03087
180.35000	1.20887
180.38333	1.39492
180.43333	1.57066
180.46667	1.70500
180.50000	1.78619
180.51667	1.84933
180.53333	1.86109
180.55000	1.89717
180.56667	1.94228
180.58333	1.96724
180.60000	1.97965
180.61667	1.99189
180.61667	2.00719
180.63333	2.01202
180.63333	2.00896
180.63333	2.00027
180.63333	1.99656
180.63333	1.98400
180.63333	1.98432
180.63333	1.97433
180.63333	1.96418
180.63333	1.96644
180.63333	1.97030
180.63333	1.97675
180.63333	1.96112
180.63333	1.95903
180.63333	1.95726
180.63333	1.95935
180.63333	1.96306
180.63333	1.96241
180.63333	1.95565
180.63333	1.96096
180.63333	1.97111
180.63333	1.96306
180.63333	1.95581
180.63333	1.94066
180.63333	1.88735
180.63333	1.88783
180.63333	1.89379
180.63333	1.89749
180.63333	1.90426
180.63333	1.93068
180.63333	1.94646
180.63333	1.94888
180.63333	1.95693
180.63333	1.95242
180.63333	1.94775
180.63333	1.94582
180.63333	1.94856
180.63333	1.95242
180.63333	1.95500
180.63333	1.95081
180.63333	1.95049
180.63333	1.95500
180.63333	1.94904
180.63333	1.94872
180.63333	1.94501
180.63333	1.94646
180.63333	1.94469
180.63333	1.94099
180.63333	1.95210
180.63333	1.95162
180.63333	1.94969
180.63333	1.94727
180.63333	1.89798
180.63333	1.89041
180.63333	1.93116
180.63333	1.95162
180.63333	1.96595
180.63333	1.95162
180.63333	1.92891
180.63333	1.90410
180.63333	1.91022
180.63333	1.94099
180.63333	1.95806
180.63333	1.96096
180.63333	1.95693
180.63333	1.95597
180.63333	1.95983
180.63333	1.96257
180.63333	1.94920
180.63333	1.91231
180.63333	1.89766
180.63333	1.93809
180.63333	1.95581
180.63333	1.96338
180.63333	1.95532
180.63333	1.94695
180.63333	1.90345
180.63333	1.85722
180.63333	1.89218
180.63333	1.94083
180.63333	1.95226
180.63333	1.95178
180.63333	1.95403
180.63333	1.95468
180.63333	1.95291
180.63333	1.95581
180.63333	1.95806
180.63333	1.95903
180.63333	1.95806
180.63333	1.95613
180.63333	1.95774
180.63333	1.95275
180.63333	1.95307
180.63333	1.95275
180.63333	1.95130
180.63333	1.95565
180.63333	1.95613
180.63333	1.95371
180.63333	1.95726
180.63333	1.95403
180.63333	1.96386
180.63333	1.98367
180.63333	2.01090
180.63333	2.02282
180.63333	2.02346
180.63333	2.03313
180.63333	2.03441
180.63333	2.02668
180.63333	2.02588
180.65000	2.03071
180.65000	2.02733
180.65000	2.01911
180.68333	2.01235
180.71667	1.98754
180.75000	1.97771
180.78333	1.94195
180.81667	1.88638
180.83333	1.81840
180.86667	1.72240
180.90000	1.55036
180.91667	1.40023
180.93333	1.27411
180.95000	0.99753
180.98333	0.56535
181.00000	0.29312
181.03333	0.13800
181.06667	0.04763
181.10000	0.02653
181.13333	0.01767
181.15000	0.01122
181.18333	0.01155
181.20000	0.00961
181.21667	0.00961
181.23333	0.00784
181.26667	0.00575
181.26667	0.00559
181.28333	0.00446
181.30000	0.00462
181.31667	0.00301
181.33333	0.00011
181.33333	0.00269
181.35000	0.00172
181.35000	0.00365
181.35000	0.00381
181.36667	0.00526
181.36667	0.00430
181.36667	0.00430
181.38333	0.00462
181.38333	0.00317
181.38333	0.01090
181.38333	0.00220
181.38333	0.00156
181.38333	0.00075
181.38333	0.00301
181.38333	0.00607
181.38333	0.00671
181.38333	0.01171
181.38333	0.01155
181.38333	0.01267
181.38333	0.01042
181.38333	0.00543
181.38333	0.00720
181.38333	0.00688
181.38333	0.00526
181.38333	0.01364
181.38333	0.01348
181.38333	0.01074
181.38333	0.01122
181.38333	0.01493
181.38333	0.01139
181.38333	0.00446
181.38333	0.00478
181.38333	0.00446
181.38333	0.00365
181.38333	0.00349
181.38333	0.00639
181.38333	0.00526
181.38333	0.00736
181.38333	0.00994
181.38333	0.01155
181.38333	0.00977
181.38333	0.00929
181.38333	0.01139
181.38333	0.01477
181.38333	0.01445
181.38333	0.00688
181.38333	0.00688
181.38333	0.01396
181.38333	0.01445
181.38333	0.01171
181.38333	0.00623
181.38333	0.00317
181.38333	0.00414
181.38333	0.00752
181.38333	0.00913
181.38333	0.01316
181.38333	0.01171
181.38333	0.01155
181.38333	0.01219
181.38333	0.01316
181.38333	0.01461
181.38333	0.01284
181.38333	0.01461
181.38333	0.01380
181.38333	0.01332
181.38333	0.01461
181.38333	0.01412
181.38333	0.01187
181.38333	0.01364
181.38333	0.00994
181.38333	0.00881
181.38333	0.01284
181.38333	0.01799
181.38333	0.01171
181.38333	0.00929
181.38333	0.01139
181.38333	0.01300
181.38333	0.01396
181.38333	0.01428
181.38333	0.01493
181.38333	0.01445
181.38333	0.01412
181.38333	0.01477
181.38333	0.01493
181.38333	0.01412
181.38333	0.01380
181.38333	0.01155
181.38333	0.01058
181.38333	0.01139
181.38333	0.01074
181.38333	0.01010
181.38333	0.01461
181.38333	0.01573
181.38333	0.01445
181.38333	0.01284
181.38333	0.01348
181.38333	0.01267
181.38333	0.01155
181.38333	0.01203
181.38333	0.01122
181.38333	0.01122
181.38333	0.01284
181.38333	0.01702
181.38333	0.01396
181.38333	0.01412
181.38333	0.01219
181.38333	0.01300
181.38333	0.01284
181.38333	0.01155
181.38333	0.01026
181.38333	0.00913
181.38333	0.00994
181.38333	0.01139
181.38333	0.01412
181.38333	0.01139
181.38333	0.01203
181.38333	0.01122
181.38333	0.00945
181.38333	0.01300
181.38333	0.01122
181.38333	0.01155
181.38333	0.01251
181.38333	0.01171
181.38333	0.01251
181.38333	0.01509
181.38333	0.01348
181.41667	0.00994
181.48333	0.00736
181.51667	0.00639
181.56667	0.00414
181.65000	0.01010
181.71667	0.01139
181.78333	0.01316
181.83333	0.01251
181.88333	0.01622
181.95000	0.01751
181.98333	0.01831
182.01667	0.01396
182.05000	0.01606
182.06667	0.01751
182.08333	0.01976
182.10000	0.01686
182.10000	0.01493
182.10000	0.01557
182.10000	0.01300
182.10000	0.01541
182.10000	0.01412
182.10000	0.01638
182.10000	0.01155
182.10000	0.01058
182.10000	0.01026
182.10000	0.01187
182.10000	0.01316
182.10000	0.01187
182.10000	0.00994
182.10000	0.01090
182.10000	0.01735
182.10000	0.01976
182.10000	0.00591
182.10000	0.00365
182.10000	0.00285
182.10000	0.00398
182.10000	0.00414
182.10000	0.00559
182.10000	0.00591
182.10000	0.01525
182.10000	0.01815
182.10000	0.01735
182.10000	0.01702
182.10000	0.01122
182.10000	0.00720
182.10000	0.01026
182.10000	0.00623
182.10000	0.00977
182.10000	0.01058
182.10000	0.00414
182.10000	0.00398
182.10000	0.00236
182.10000	0.00156
182.10000	0.00607
182.10000	0.01267
182.10000	0.01654
182.10000	0.01638
182.10000	0.00494
182.10000	0.00543
182.10000	0.00414
182.10000	0.00478
182.10000	0.00381
182.10000	0.00317
182.10000	0.00317
182.10000	0.00301
182.10000	0.00317
182.10000	0.00236
182.10000	0.00333
182.10000	0.00253
182.10000	0.01058
182.10000	0.00365
182.10000	0.00462
182.10000	0.00253
182.10000	0.00236
182.10000	0.00398
182.10000	0.00349
182.10000	0.00124
182.10000	0.00543
182.10000	0.00462
182.10000	0.00526
182.10000	0.00510
182.10000	0.00591
182.10000	0.01606
182.10000	0.01348
182.10000	0.00220
182.10000	0.00526
182.10000	0.00800
182.10000	0.00253
182.10000	0.00236
182.10000	0.00317
182.10000	0.00365
182.10000	0.00092
182.10000	0.00188
182.10000	0.00414
182.10000	0.00446
182.10000	0.00301
182.10000	0.00301
182.10000	0.00446
182.10000	0.00494
182.10000	0.00365
182.10000	0.00317
182.10000	0.00478
182.10000	0.00462
182.10000	0.00188
182.10000	0.00317
182.10000	0.00301
182.10000	0.00301
182.10000	0.00236
182.10000	0.00832
182.10000	0.02347
182.10000	0.02121
182.10000	0.02169
182.10000	0.02250
182.10000	0.01445
182.10000	0.00832
182.10000	0.00623
182.10000	0.00591
182.10000	0.00655
182.10000	0.01106
182.10000	0.01332
182.10000	0.02282
182.10000	0.01960
182.10000	0.02073
182.10000	0.01912
182.10000	0.01928
182.10000	0.02186
182.10000	0.02137
182.10000	0.02395
182.10000	0.02266
182.10000	0.02057
182.10000	0.02153
182.10000	0.02347
182.10000	0.02121
182.10000	0.02008
182.10000	0.01912
182.10000	0.02186
182.10000	0.02234
182.10000	0.02234
182.10000	0.02540
182.10000	0.02556
182.10000	0.02363
182.10000	0.02459
182.10000	0.02540
182.10000	0.02765
182.10000	0.02637
182.10000	0.02894
182.10000	0.03088
182.10000	0.02846
182.11667	0.02975
182.11667	0.03007
182.11667	0.03072
182.13333	0.02862
182.13333	0.03684
182.13333	0.04264
182.13333	0.05601
182.13333	0.07179
182.13333	0.08258
182.13333	0.10981
182.13333	0.09740
182.13333	0.08870
182.13333	0.07340
182.13333	0.05987
182.13333	0.04698
182.13333	0.04296
182.13333	0.04183
182.13333	0.03877
182.13333	0.03426
182.13333	0.03152
182.13333	0.02846
182.13333	0.02298
182.13333	0.02234
182.13333	0.01767
182.13333	0.01428
182.13333	0.00945
182.13333	0.01010
182.13333	0.00494
182.13333	0.00575
182.13333	0.00623
182.13333	0.00768
182.13333	0.00865
182.13333	0.00752
182.13333	0.01122
182.13333	0.01010
182.13333	0.01042
182.13333	0.01058
182.13333	0.00961
182.13333	0.00881
182.13333	0.00816
182.13333	0.00720
182.13333	0.00849
182.13333	0.00994
182.13333	0.00816
182.13333	0.01026
182.13333	0.00897
182.13333	0.00752
182.13333	0.00945
182.13333	0.00865
182.13333	0.01010
182.13333	0.00510
182.13333	0.00784
182.13333	0.01219
182.13333	0.01171
182.13333	0.01251
182.13333	0.01235
182.13333	0.01074
182.13333	0.01187
182.13333	0.01058
182.13333	0.00349
182.13333	0.00092
182.13333	0.20774
182.13333	0.03200
182.13333	0.00381
182.13333	0.00607
182.13333	0.01090
182.13333	0.20694
182.13333	0.00494
182.13333	0.00575
182.13333	0.00414
182.13333	0.00317
182.13333	0.00494
182.13333	0.21805
182.13333	0.01606
182.13333	0.01139
182.13333	0.01670
182.13333	0.09080
182.13333	0.24383
182.13333	0.00800
182.13333	0.00333
182.13333	0.00365
182.13333	0.00446
182.13333	0.00913
182.13333	0.00462
182.13333	0.00526
182.13333	0.00655
182.13333	0.18986
182.13333	0.06889
182.13333	0.00816
182.13333	0.01074
182.13333	0.00929
182.13333	0.00655
182.13333	0.00446
182.13333	0.00575
182.13333	0.02379
182.13333	0.08645
182.13333	0.09338
182.13333	0.09386
182.13333	0.09096
182.13333	0.09434
182.13333	0.09595
182.13333	0.09821
182.13333	0.09724
182.13333	0.10675
182.13333	0.14669
182.13333	0.18568
182.13333	0.18519
182.13333	0.18986
182.13333	0.18471
182.13333	0.18793
182.13333	0.19035
182.13333	0.18568
182.13333	0.18439
182.13333	0.18390
182.13333	0.18664
182.13333	0.18986
182.13333	0.18310
182.13333	0.18278
182.13333	0.18519
182.13333	0.19228
182.13333	0.20372
182.13333	0.21838
182.13333	0.23754
182.13333	0.26428
182.15000	0.29263
182.16667	0.37543
182.18333	0.47739
182.18333	0.43551
182.18333	0.29376
182.18333	0.12140
182.18333	0.02105
182.18333	0.00849
182.18333	0.00688
182.18333	0.00510
182.18333	0.00655
182.18333	0.00526
182.18333	0.00720
182.18333	0.00736
182.18333	0.00478
182.18333	0.00526
182.18333	0.00736
182.18333	0.00446
182.16667	0.00559
182.16667	0.00752
182.16667	0.00414
182.16667	0.00543
182.18333	0.00543
182.18333	0.00704
182.18333	0.00720
182.18333	0.00623
182.18333	0.00784
182.18333	0.00704
182.18333	0.00688
182.18333	0.00800
182.18333	0.00961
182.18333	0.00671
182.18333	0.00961
182.18333	0.00639
182.18333	0.00688
182.18333	0.00575
182.18333	0.00671
182.18333	0.00655
182.18333	0.01139
182.18333	0.22224
182.18333	0.59257
182.18333	0.64476
182.18333	0.30375
182.18333	0.03957
182.18333	0.00671
182.18333	0.00510
182.18333	0.00108
182.18333	0.00446
182.18333	0.00333
182.18333	0.00204
182.18333	0.00253
182.18333	0.00816
182.18333	0.51009
182.16667	0.00398
182.16667	0.00317
182.16667	0.00543
182.16667	0.00526
182.16667	0.00398
182.16667	0.00575
182.16667	0.00510
182.16667	0.00430
182.16667	0.39653
182.16667	0.00301
182.16667	0.00043
182.16667	0.00204
182.16667	0.00269
182.16667	0.00478
182.16667	0.00349
182.16667	0.25816
182.16667	0.00236
182.16667	0.00543
182.16667	0.00349
182.16667	0.00365
182.16667	0.00253
182.16667	0.00220
182.16667	0.00381
182.16667	0.00333
182.16667	0.00253
182.16667	0.00607
182.16667	0.00816
182.16667	0.26219
182.16667	0.58983
182.16667	0.01267
182.16667	0.00349
182.16667	0.00575
182.16667	0.00768
182.16667	0.28168
182.16667	0.57662
182.16667	0.49882
182.16667	0.50800
182.16667	0.52652
182.16667	0.51605
182.16667	0.51557
182.16667	0.52508
182.16667	0.52040
182.16667	0.51686
182.16667	0.51734
182.16667	0.51847
182.16667	0.51799
182.16667	0.51847
182.16667	0.51928
182.16667	0.51895
182.16667	0.51670
182.16667	0.51670
182.16667	0.51557
182.18333	0.52105
182.18333	0.51750
182.18333	0.52040
182.18333	0.52073
182.18333	0.52201
182.18333	0.51944
182.18333	0.51895
182.18333	0.51783
182.18333	0.51622
182.18333	0.51396
182.18333	0.50816
182.20000	0.49721
182.20000	0.46612
182.21667	0.41167
182.21667	0.35304
182.21667	0.29247
182.21667	0.22579
182.21667	0.14541
182.21667	0.06052
182.21667	0.02250
182.21667	0.01171
182.21667	0.01010
182.21667	0.00913
182.21667	0.00333
182.21667	0.00671
182.21667	0.00559
182.21667	0.00623
182.21667	0.00655
182.21667	0.00526
182.21667	0.00269
182.21667	0.00688
182.21667	0.00526
182.21667	0.00575
182.21667	0.00688
182.21667	0.00478
182.21667	0.00607
182.21667	0.00349
182.21667	0.00494
182.21667	0.00607
182.21667	0.00494
182.21667	0.00655
182.21667	0.00591
182.21667	0.00784
182.21667	0.00704
182.21667	0.00752
182.21667	0.00720
182.21667	0.00655
182.21667	0.00639
182.23333	0.00720
182.23333	0.00220
182.23333	0.00462
182.23333	0.00398
182.23333	0.00398
182.23333	0.00494
182.23333	0.00317
182.23333	0.00381
182.23333	0.00575
182.23333	0.00365
182.23333	0.00414
182.23333	0.00446
182.23333	0.43874
182.23333	0.35046
182.23333	0.19003
182.23333	0.36496
182.23333	0.54924
182.23333	0.45807
182.21667	0.40942
182.21667	0.40829
182.21667	0.41183
182.21667	0.43616
182.21667	0.57211
182.21667	0.02169
182.21667	0.00639
182.21667	0.00462
182.21667	0.00253
182.21667	0.00301
182.21667	0.00704
182.21667	0.41812
182.21667	0.45710
182.21667	0.19437
182.21667	0.03587
182.21667	0.01251
182.21667	0.00494
182.21667	0.00236
182.21667	0.00317
182.21667	0.00414
182.21667	0.00575
182.21667	0.00365
182.21667	0.00188
182.21667	0.00494
182.21667	0.00832
182.21667	0.10111
182.21667	0.42086
182.21667	0.55697
182.21667	0.45581
182.21667	0.45404
182.21667	0.46870
182.21667	0.46741
182.21667	0.53410
182.21667	0.57469
182.21667	0.57501
182.21667	0.56518
182.21667	0.56116
182.21667	0.55745
182.21667	0.52975
182.21667	0.53828
182.21667	0.54247
182.21667	0.54296
182.21667	0.54779
182.21667	0.54585
182.21667	0.54908
182.21667	0.54972
182.21667	0.54440
182.21667	0.54811
182.21667	0.54714
182.21667	0.54827
182.21667	0.53941
182.21667	0.54489
182.21667	0.54360
182.21667	0.54489
182.21667	0.54924
182.21667	0.54618
182.21667	0.54602
182.21667	0.54892
182.21667	0.54779
182.21667	0.54602
182.21667	0.54537
182.21667	0.54650
182.21667	0.54747
182.21667	0.54569
182.23333	0.54457
182.23333	0.53716
182.23333	0.54714
182.23333	0.54457
182.23333	0.54585
182.23333	0.54682
182.23333	0.54682
182.23333	0.54859
182.23333	0.54650
182.23333	0.54730
182.23333	0.54521
182.23333	0.54811
182.23333	0.54940
182.23333	0.54875
182.23333	0.54908
182.25000	0.54956
182.25000	0.51187
182.26667	0.46773
182.26667	0.43068
182.26667	0.38365
182.26667	0.34225
182.26667	0.29408
182.26667	0.25816
182.26667	0.21548
182.26667	0.16329
182.26667	0.10642
182.26667	0.05085
182.28333	0.01396
182.28333	0.00446
182.28333	0.00381
182.30000	0.00559
182.31667	0.00591
182.31667	0.00478
182.31667	0.00398
182.31667	0.00236
182.31667	0.00349
182.31667	0.00462
182.31667	0.00462
182.31667	0.00543
182.31667	0.00559
182.31667	0.00607
182.31667	0.00543
182.31667	0.00559
182.31667	0.00269
182.31667	0.00188
182.31667	0.00253
182.31667	0.00365
182.31667	0.37785
182.31667	0.35964
182.31667	0.01541
182.31667	0.00816
182.31667	0.00736
182.31667	0.02298
182.31667	0.41618
182.31667	0.41312
182.31667	0.40829
182.31667	0.40426
182.31667	0.41731
182.31667	0.13800
182.31667	0.00253
182.31667	0.00365
182.31667	0.00446
182.31667	0.00236
182.31667	0.00285
182.31667	0.00462
182.31667	0.16264
182.31667	0.00269
182.31667	0.00333
182.31667	0.00462
182.31667	0.00253
182.31667	0.00381
182.31667	0.00414
182.31667	0.00301
182.31667	0.41586
182.31667	0.02282
182.31667	0.33951
182.31667	0.34724
182.31667	0.06905
182.31667	0.00446
182.31667	0.00172
182.31667	0.07566
182.31667	0.43133
182.31667	0.20066
182.31667	0.10948
182.31667	0.41812
182.31667	0.43777
182.31667	0.40604
182.31667	0.36125
182.31667	0.37978
182.31667	0.41490
182.31667	0.41924
182.31667	0.41828
182.31667	0.41296
182.31667	0.33645
182.31667	0.19760
182.31667	0.04360
182.31667	0.00365
182.31667	0.02331
182.31667	0.41490
182.31667	0.00398
182.31667	0.00414
182.31667	0.00285
182.31667	0.05085
182.31667	0.00236
182.31667	0.00301
182.31667	0.00381
182.31667	0.14331
182.31667	0.00510
182.31667	0.00317
182.31667	0.00188
182.31667	0.37849
182.31667	0.00398
182.31667	0.00253
182.31667	0.00462
182.31667	0.42665
182.31667	0.00543
182.31667	0.00510
182.31667	0.00591
182.31667	0.33242
182.31667	0.03200
182.31667	0.16457
182.31667	0.43696
182.31667	0.00494
182.31667	0.00140
182.31667	0.00301
182.31667	0.39009
182.31667	0.08532
182.31667	0.02347
182.31667	0.35078
182.31667	0.14347
182.31667	0.00784
182.31667	0.00639
182.31667	0.00720
182.31667	0.00897
182.31667	0.00704
182.31667	0.00349
182.31667	0.00526
182.31667	0.00494
182.31667	0.03168
182.31667	0.27347
182.31667	0.35433
182.31667	0.35997
182.31667	0.36657
182.31667	0.38461
182.31667	0.41828
182.31667	0.43777
182.31667	0.42230
182.31667	0.41151
182.31667	0.39879
182.31667	0.38284
182.31667	0.40362
182.31667	0.40571
182.31667	0.40426
182.31667	0.40249
182.31667	0.40668
182.31667	0.40104
182.31667	0.40072
182.31667	0.40298
182.31667	0.40394
182.31667	0.40120
182.31667	0.40024
182.31667	0.40056
182.31667	0.40346
182.31667	0.40201
182.31667	0.39991
182.31667	0.40008
182.31667	0.40314
182.31667	0.40088
182.31667	0.40056
182.31667	0.40056
182.31667	0.39557
182.31667	0.39846
182.31667	0.39943
182.31667	0.39669
182.31667	0.39492
182.31667	0.39202
182.31667	0.39202
182.31667	0.38735
182.36667	0.36931
182.46667	0.25188
182.53333	0.17005
182.60000	0.06760
182.68333	0.00559
182.76667	0.00381
182.81667	0.00446
182.85000	0.00430
182.90000	0.00349
182.96667	0.00365
183.01667	0.00349
183.05000	0.00317
183.08333	0.00301
183.10000	0.00365
183.11667	0.00236
183.11667	0.00236
183.11667	0.00301
183.11667	0.00236
183.11667	0.00156
183.11667	0.00285
183.11667	0.00220
183.11667	0.00269
183.11667	0.00253
183.11667	0.02540
183.11667	0.24544
183.11667	0.24270
183.11667	0.00301
183.11667	0.00156
183.10000	0.00301
183.10000	0.00220
183.10000	0.00124
183.10000	0.00752
183.10000	0.00172
183.10000	0.00236
183.10000	0.00220
183.10000	0.00253
183.10000	0.00236
183.10000	0.00285
183.10000	0.00172
183.10000	0.00204
183.10000	0.00011
183.10000	0.00220
183.10000	0.22353
183.10000	0.00140
183.10000	0.00220
183.10000	0.00204
183.10000	0.00623
183.10000	0.00172
183.10000	0.00236
183.10000	0.00236
183.10000	0.00285
183.10000	0.00398
183.10000	0.00897
183.10000	0.30794
183.10000	0.31809
183.10000	0.24689
183.10000	0.10884
183.10000	0.00253
183.10000	0.00381
183.10000	0.00301
183.10000	0.00204
183.10000	0.00430
183.10000	0.00285
183.10000	0.00156
183.10000	0.00494
183.10000	0.11174
183.10000	0.08742
183.10000	0.03088
183.10000	0.03394
183.10000	0.08758
183.10000	0.30890
183.10000	0.12753
183.10000	0.13268
183.10000	0.23787
183.10000	0.28603
183.10000	0.29392
183.10000	0.32453
183.10000	0.31825
183.10000	0.31696
183.10000	0.30439
183.10000	0.30407
183.10000	0.30568
183.10000	0.30584
183.10000	0.30697
183.10000	0.30359
183.10000	0.30697
183.10000	0.30697
183.10000	0.30697
183.10000	0.30697
183.10000	0.30600
183.10000	0.30520
183.10000	0.30600
183.10000	0.30713
183.10000	0.30504
183.10000	0.30278
183.11667	0.30520
183.11667	0.31519
183.11667	0.30713
183.11667	0.30906
183.11667	0.31051
183.11667	0.31084
183.11667	0.30794
183.11667	0.30778
183.11667	0.30407
183.11667	0.30729
183.11667	0.30761
183.11667	0.31180
183.11667	0.30971
183.11667	0.30552
183.11667	0.30810
183.11667	0.30552
183.11667	0.30890
183.11667	0.30842
183.11667	0.30842
183.11667	0.30616
183.13333	0.30149
183.18333	0.27057
183.23333	0.23078
183.28333	0.19711
183.33333	0.16039
183.36667	0.13445
183.40000	0.11206
183.43333	0.09112
183.50000	0.05407
183.55000	0.01090
183.61667	0.00075
183.66667	0.00140
183.71667	0.00011
183.75000	0.00172
183.80000	0.00059
183.83333	0.00220
183.88333	0.00156
183.91667	0.00059
183.93333	0.00108
183.93333	0.00156
183.93333	0.00140
183.93333	0.00172
183.93333	0.00108
183.93333	0.00220
183.93333	0.00075
183.93333	0.00156
183.93333	-0.00086
183.93333	0.00027
183.93333	0.00172
183.93333	-0.00021
183.93333	0.00043
183.93333	0.00092
183.93333	-0.00070
183.93333	0.00108
183.93333	0.00220
183.93333	0.00043
183.93333	0.00043
183.93333	0.00220
183.93333	0.00188
183.93333	0.00156
183.93333	0.00220
183.93333	0.00124
183.93333	0.00027
183.93333	0.00172
183.93333	-0.00021
183.93333	0.00108
183.93333	0.00156
183.93333	0.00108
183.93333	0.00124
183.93333	0.00027
183.93333	0.00172
183.93333	0.00172
183.93333	0.00027
183.93333	0.00398
183.93333	0.08194
183.93333	0.22933
183.93333	0.10111
183.93333	0.00253
183.93333	0.00043
183.93333	0.00140
183.93333	0.00124
183.93333	0.00188
183.93333	0.00253
183.93333	0.01880
183.93333	0.00075
183.93333	0.00092
183.93333	0.00108
183.93333	0.02862
183.93333	-0.00005
183.93333	-0.00021
183.93333	0.00204
183.93333	0.11416
183.93333	0.00108
183.93333	0.00301
183.93333	0.00253
183.93333	0.21934
183.93333	0.00220
183.93333	0.00140
183.93333	0.00156
183.93333	0.00124
183.93333	0.00204
183.93333	0.00140
183.93333	0.00075
183.93333	0.21950
183.93333	0.00253
183.93333	0.00156
183.93333	0.00027
183.93333	-0.00086
183.93333	0.00092
183.91667	0.00124
183.91667	0.00108
183.91667	0.22176
183.91667	0.11383
183.91667	0.00253
183.91667	0.00092
183.91667	0.00140
183.91667	0.00124
183.91667	0.00075
183.91667	0.00027
183.91667	0.00108
183.91667	0.00156
183.91667	0.00220
183.91667	0.00108
183.91667	0.00220
183.91667	0.00285
183.91667	0.00027
183.91667	0.00365
183.91667	0.07646
183.91667	0.09193
183.91667	0.09483
183.91667	0.09241
183.91667	0.11045
183.91667	0.16135
183.91667	0.19937
183.91667	0.22723
183.91667	0.22901
183.91667	0.22756
183.91667	0.23078
183.91667	0.18374
183.91667	0.00043
183.91667	-0.00053
183.91667	0.00092
183.91667	0.00575
183.91667	0.07147
183.91667	-0.00053
183.91667	-0.00086
183.91667	-0.00198
183.91667	0.02314
183.91667	0.01944
183.91667	0.00188
183.91667	0.00188
183.91667	0.00011
183.91667	0.09080
183.91667	0.22160
183.91667	0.22063
183.91667	0.23754
183.91667	0.23722
183.91667	0.23738
183.91667	0.23915
183.91667	0.23287
183.91667	0.23207
183.91667	0.23175
183.91667	0.23110
183.91667	0.23223
183.91667	0.22643
183.91667	0.22240
183.91667	0.22144
183.91667	0.22063
183.91667	0.22353
183.91667	0.22031
183.91667	0.22208
183.91667	0.22579
183.91667	0.22820
183.91667	0.22981
183.91667	0.22933
183.91667	0.22723
183.91667	0.22965
183.91667	0.22965
183.91667	0.22788
183.91667	0.22965
183.91667	0.23013
183.91667	0.22723
183.91667	0.22804
183.91667	0.22949
183.91667	0.22627
183.91667	0.22820
183.91667	0.22852
183.91667	0.22901
183.91667	0.22933
183.91667	0.22917
183.91667	0.22740
183.91667	0.23094
183.91667	0.23271
183.91667	0.23191
183.91667	0.23094
183.91667	0.23110
183.91667	0.22868
183.91667	0.22772
183.91667	0.22611
183.91667	0.22562
183.91667	0.22514
183.91667	0.22256
183.91667	0.19421
183.91667	0.15475
183.91667	0.11963
183.91667	0.07952
183.91667	0.06052
183.91667	0.05649
183.91667	0.05762
183.91667	0.06341
183.91667	0.09386
183.91667	0.13220
183.93333	0.16425
183.93333	0.20887
183.93333	0.21145
183.93333	0.21097
183.93333	0.21016
183.93333	0.20388
183.93333	0.16860
183.93333	0.16699
183.93333	0.15507
183.93333	0.14299
183.93333	0.13945
183.93333	0.13848
183.93333	0.15426
183.93333	0.15926
183.93333	0.17134
183.93333	0.20710
183.93333	0.22417
183.93333	0.22514
183.93333	0.22756
183.93333	0.22723
183.96667	0.23835
184.06667	0.23432
184.13333	0.22337
184.18333	0.21999
184.23333	0.20033
184.26667	0.20404
184.30000	0.14234
184.31667	0.01718
184.35000	0.00333
184.40000	0.02314
184.43333	0.09418
184.45000	0.16200
184.45000	0.19953
184.45000	0.18052
184.45000	0.12253
184.45000	0.03909
184.45000	0.00027
184.45000	0.00043
184.45000	0.00108
184.45000	0.00075
184.45000	0.00140
184.45000	0.06486
184.45000	0.17408
184.45000	0.18922
184.45000	0.19083
184.45000	0.18648
184.45000	0.18455
184.45000	0.18068
184.45000	0.11480
184.45000	0.00800
184.45000	0.07920
184.45000	0.19276
184.45000	0.05182
184.45000	0.02556
184.45000	0.16973
184.45000	0.19212
184.45000	0.03893
184.45000	-0.00021
184.45000	0.00059
184.45000	0.00301
184.45000	0.00430
184.45000	0.00156
184.45000	0.00140
184.45000	0.00140
184.45000	-0.00037
184.45000	0.00172
184.45000	0.14186
184.45000	0.16103
184.45000	0.18938
184.45000	0.06213
184.45000	0.00059
184.45000	-0.00086
184.45000	-0.00134
184.45000	-0.00021
184.45000	-0.00021
184.45000	-0.00086
184.45000	0.00059
184.45000	0.00108
184.45000	0.00027
184.45000	0.00011
184.45000	0.02363
184.45000	0.08951
184.45000	0.13993
184.45000	0.16780
184.45000	0.16441
184.45000	0.16103
184.45000	0.10417
184.45000	0.06809
184.45000	0.10046
184.45000	0.10336
184.45000	0.10369
184.45000	0.11963
184.45000	0.11464
184.45000	0.11351
184.45000	0.12108
184.45000	0.12302
184.45000	0.12366
184.45000	0.17037
184.45000	0.17617
184.45000	0.12060
184.45000	0.12865
184.45000	0.18551
184.45000	0.17408
184.45000	0.10272
184.45000	0.00220
184.45000	0.01557
184.45000	-0.00182
184.45000	0.00639
184.45000	-0.00247
184.45000	0.00011
184.45000	0.00043
184.45000	0.00704
184.45000	-0.00166
184.45000	0.00768
184.45000	0.00236
184.45000	0.01251
184.45000	-0.00198
184.45000	0.00430
184.45000	-0.00005
184.45000	0.17955
184.45000	0.05375
184.45000	0.00027
184.45000	0.00011
184.45000	0.00285
184.45000	0.00494
184.45000	0.00027
184.45000	0.00027
184.45000	0.00172
184.45000	0.00220
184.45000	0.00381
184.45000	0.19164
184.45000	0.10836
184.45000	0.12205
184.45000	0.15120
184.45000	0.13429
184.45000	0.13236
184.45000	0.13767
184.45000	0.15298
184.45000	0.13091
184.45000	0.06245
184.45000	0.00236
184.45000	0.00092
184.45000	0.00204
184.45000	0.00236
184.45000	0.00220
184.45000	0.00075
184.45000	0.00027
184.45000	0.00092
184.45000	0.00140
184.45000	0.00253
184.45000	0.14879
184.45000	0.19437
184.45000	0.19325
184.45000	0.18245
184.45000	0.17585
184.45000	0.14718
184.45000	0.11706
184.45000	0.12285
184.45000	0.13204
184.45000	0.13316
184.45000	0.13365
184.45000	0.13252
184.45000	0.12672
184.45000	0.12366
184.45000	0.08597
184.45000	0.02169
184.45000	0.00140
184.45000	0.00220
184.45000	0.00301
184.45000	0.00301
184.45000	0.00269
184.45000	0.00092
184.45000	0.00381
184.45000	0.00140
184.45000	0.00414
184.45000	0.00414
184.45000	0.00253
184.45000	0.00526
184.45000	0.00124
184.45000	0.00108
184.45000	0.00172
184.45000	0.00124
184.45000	0.00140
184.45000	-0.00005
184.45000	-0.00021
184.46667	0.00349
184.55000	0.00204
184.61667	0.00011
184.70000	0.00043
184.80000	-0.00037
184.85000	0.00075
184.86667	0.00092
184.88333	0.00172
184.90000	0.01944
184.91667	0.10336
184.93333	0.15088
184.95000	0.15426
184.96667	0.15829
184.98333	0.15507
185.00000	0.12414
185.03333	0.00059
185.05000	0.00043
185.08333	0.00124
185.11667	0.00043
185.13333	0.00027
185.13333	0.00092
185.15000	0.00188
185.15000	0.00027
185.15000	0.09515
185.15000	0.00043
185.15000	-0.00102
185.15000	-0.00102
185.15000	0.00027
185.15000	0.00156
185.15000	0.01251
185.15000	0.00059
185.15000	0.00011
185.15000	0.00011
185.15000	0.05391
185.15000	0.00108
185.15000	-0.00198
185.15000	-0.00070
185.15000	0.06921
185.15000	0.00124
185.15000	-0.00053
185.15000	-0.00053
185.15000	0.00124
185.15000	0.00075
185.15000	-0.00005
185.15000	0.00043
185.15000	0.02798
185.15000	0.06905
185.15000	0.06937
185.15000	0.06954
185.15000	0.06470
185.15000	0.06213
185.15000	0.05166
185.15000	0.06019
185.15000	0.07227
185.15000	0.07743
185.15000	0.11609
185.15000	0.14331
185.15000	0.14927
185.15000	0.14798
185.15000	0.15056
185.15000	0.14830
185.15000	0.14863
185.15000	0.14959
185.15000	0.14637
185.15000	0.14541
185.15000	0.14428
185.15000	0.14895
185.15000	0.14879
185.15000	0.14718
185.15000	0.14975
185.15000	0.14589
185.15000	0.14863
185.15000	0.14750
185.15000	0.14412
185.15000	0.14943
185.15000	0.13783
185.15000	0.14541
185.15000	0.14863
185.15000	0.14830
185.15000	0.14847
185.15000	0.14879
185.15000	0.14943
185.15000	0.15137
185.15000	0.15024
185.15000	0.14589
185.15000	0.14605
185.15000	0.15040
185.15000	0.14992
185.15000	0.15249
185.15000	0.15040
185.15000	0.15072
185.15000	0.14975
185.15000	0.15314
185.18333	0.15056
185.28333	0.12946
185.38333	0.09144
185.45000	0.06470
185.48333	0.05375
185.53333	0.03539
185.58333	0.02153
185.65000	0.00333
185.70000	0.00269
185.75000	0.00172
185.78333	0.00156
185.81667	0.00059
185.85000	0.00188
185.86667	0.00027
185.88333	0.00172
185.90000	0.00075
185.91667	-0.00053
185.91667	-0.00053
185.91667	0.00172
185.93333	-0.00166
185.93333	-0.00005
185.93333	-0.00037
185.93333	-0.00021
185.93333	-0.00086
185.93333	0.00140
185.93333	0.00059
185.93333	0.00236
185.93333	0.00092
185.93333	0.06003
185.93333	0.05649
185.93333	0.00011
185.93333	0.00027
185.93333	0.00043
185.93333	-0.00086
185.93333	0.00092
185.93333	0.19276
185.91667	0.01090
185.91667	0.00059
185.91667	0.01235
185.91667	0.09708
185.91667	0.00156
185.91667	-0.00005
185.91667	0.01203
185.91667	0.00188
185.91667	0.00156
185.91667	0.00188
185.91667	0.00204
185.91667	0.09611
185.91667	0.06905
185.91667	0.00011
185.91667	0.00011
185.91667	0.00027
185.91667	0.00059
185.91667	-0.00005
185.91667	0.00124
185.91667	0.00204
185.91667	0.00092
185.91667	0.00059
185.91667	0.00108
185.91667	-0.00086
185.91667	-0.00070
185.91667	0.04618
185.91667	0.09934
185.91667	0.11174
185.91667	0.10723
185.91667	0.10014
185.91667	0.06776
185.91667	0.03523
185.91667	0.03345
185.91667	0.03490
185.91667	0.03555
185.91667	0.03233
185.91667	0.03603
185.91667	0.03684
185.91667	0.03684
185.91667	0.03394
185.91667	0.03539
185.91667	0.03941
185.91667	0.03394
185.91667	0.10642
185.91667	0.00043
185.91667	-0.00070
185.91667	0.00108
185.91667	0.00059
185.91667	0.00172
185.91667	0.00124
185.91667	0.00075
185.91667	0.00204
185.91667	0.00236
185.91667	0.00124
185.91667	0.00059
185.91667	0.00092
185.91667	0.00092
185.91667	0.00075
185.91667	-0.00150
185.91667	-0.00037
185.91667	0.00059
185.91667	0.10658
185.91667	0.09515
185.91667	0.05423
185.91667	0.05069
185.91667	0.05488
185.91667	0.05794
185.91667	0.07082
185.91667	0.07533
185.91667	0.07662
185.91667	0.08081
185.91667	0.08226
185.91667	0.08725
185.91667	0.08661
185.91667	0.08774
185.91667	0.09177
185.91667	0.10143
185.91667	0.11464
185.91667	0.11206
185.91667	0.11222
185.91667	0.11158
185.91667	0.11432
185.91667	0.11351
185.91667	0.11238
185.91667	0.11399
185.91667	0.11045
185.91667	0.11609
185.91667	0.11303
185.91667	0.11335
185.91667	0.11335
185.93333	0.11174
185.93333	0.11399
185.93333	0.11222
185.93333	0.11238
185.98333	0.10385
186.05000	0.09773
186.11667	0.08548
186.18333	0.07244
186.23333	0.05697
186.30000	0.04376
186.35000	0.02894
186.40000	0.01960
186.43333	0.00559
186.46667	0.00736
186.48333	0.00913
186.50000	0.02894
186.53333	0.07856
186.55000	0.08371
186.56667	0.07968
186.58333	0.08065
186.60000	0.08065
186.61667	0.07823
186.61667	0.07131
186.63333	0.00188
186.63333	0.25414
186.65000	0.00720
186.65000	0.00011
186.65000	0.06728
186.65000	0.00027
186.65000	0.00011
186.65000	0.00285
186.65000	0.06180
186.65000	0.00172
186.65000	0.00027
186.65000	0.00204
186.65000	0.00220
186.65000	0.00140
186.65000	0.00059
186.65000	0.00027
186.65000	0.00011
186.65000	0.05713
186.65000	0.06921
186.65000	0.07276
186.65000	0.05890
186.65000	0.07614
186.65000	0.04038
186.65000	0.00092
186.65000	0.00124
186.65000	0.00027
186.65000	0.00108
186.65000	0.01718
186.65000	0.03297
186.65000	0.00543
186.65000	-0.00134
186.65000	0.00236
186.65000	0.00027
186.65000	0.00269
186.65000	0.00075
186.65000	0.00108
186.65000	0.04070
186.65000	0.00011
186.65000	0.00027
186.65000	0.00075
186.65000	0.00092
186.65000	0.05568
186.65000	0.06825
186.65000	0.05536
186.65000	0.05923
186.65000	0.06422
186.65000	0.06454
186.65000	0.06728
186.65000	0.06631
186.65000	0.06680
186.65000	0.06680
186.65000	0.06374
186.65000	0.06793
186.65000	0.06776
186.65000	0.06680
186.65000	0.06648
186.65000	0.06648
186.65000	0.07018
186.65000	0.06680
186.65000	0.06712
186.65000	0.06857
186.65000	0.06793
186.65000	0.06486
186.65000	0.06825
186.65000	0.06760
186.65000	0.06712
186.65000	0.06535
186.65000	0.06776
186.65000	0.06470
186.65000	0.07050
186.65000	0.06728
186.65000	0.06454
186.65000	0.06245
186.65000	0.06503
186.65000	0.06535
186.66667	0.06470
186.66667	0.06068
186.70000	0.05810
186.73333	0.05021
186.75000	0.04618
186.75000	0.04408
186.78333	0.04215
186.80000	0.03619
186.81667	0.02927
186.83333	0.02814
186.85000	0.02749
186.85000	0.02749
186.86667	0.02250
186.88333	0.01590
186.90000	0.01509
186.93333	0.01026
186.95000	0.00478
186.98333	0.00398
187.00000	0.00349
187.01667	0.00188
187.06667	0.00059
187.10000	0.00043
187.13333	0.00188
187.16667	0.00333
187.20000	0.00172
187.23333	0.00027
187.25000	0.00994
187.28333	0.00414
187.30000	0.00446
187.33333	0.00317
187.35000	0.00349
187.35000	0.00075
187.36667	0.03152
187.38333	0.00140
187.40000	0.00478
187.40000	0.00092
187.41667	0.00011
187.41667	0.04843
187.43333	0.00333
187.43333	0.00027
187.43333	0.00027
187.45000	0.06019
187.45000	0.00204
187.46667	0.00220
187.46667	0.01944
187.46667	-0.00005
187.48333	0.00043
187.48333	-0.00037
187.48333	0.00027
187.48333	0.00365
187.48333	0.03812
187.48333	0.00269
187.48333	0.00285
187.48333	0.00156
187.48333	0.00043
187.48333	0.00236
187.48333	0.01074
187.48333	0.00317
187.48333	0.00027
187.48333	0.00253
187.48333	-0.00005
187.48333	0.00172
187.48333	0.00301
187.48333	0.00414
187.48333	0.00913
187.48333	0.00059
187.48333	0.00043
187.48333	0.03893
187.46667	0.00043
187.48333	0.00108
187.48333	0.00381
187.48333	0.00543
187.48333	-0.00037
187.48333	0.00269
187.48333	0.00140
187.48333	0.00381
187.48333	0.00285
187.48333	0.03426
187.48333	0.03281
187.46667	0.00059
187.46667	0.00253
187.46667	0.00430
187.46667	0.00269
187.46667	0.00317
187.46667	0.00140
187.46667	0.00349
187.46667	0.03925
187.46667	0.00059
187.46667	0.00011
187.46667	0.01718
187.46667	0.00365
187.46667	0.00365
187.46667	0.00285
187.46667	0.00591
187.46667	0.00108
187.46667	0.00124
187.46667	0.00236
187.46667	0.00236
187.46667	0.00188
187.46667	0.00220
187.46667	-0.00166
187.46667	0.00156
187.46667	0.00301
187.46667	0.00172
187.46667	-0.00118
187.46667	0.00140
187.46667	0.00220
187.46667	-0.00005
187.46667	0.00092
187.46667	0.00011
187.46667	0.00059
187.46667	0.00172
187.46667	0.03394
187.46667	0.04666
187.46667	0.00027
187.46667	0.00027
187.46667	0.00575
187.46667	0.00736
187.46667	0.00543
187.46667	0.00510
187.46667	0.00994
187.46667	0.01590
187.46667	0.02492
187.46667	0.03474
187.46667	0.03039
187.46667	0.02653
187.46667	0.02572
187.46667	0.02347
187.46667	0.02572
187.46667	0.02637
187.46667	0.02266
187.46667	0.02347
187.46667	0.02540
187.48333	0.02782
187.48333	0.02363
187.48333	0.02443
187.48333	0.02508
187.48333	0.02347
187.48333	0.02476
187.48333	0.02314
187.48333	0.02363
187.48333	0.02395
187.48333	0.02379
187.48333	0.02620
187.48333	0.02476
187.48333	0.02073
187.55000	0.01718
187.65000	0.00478
187.73333	0.00075
187.81667	0.00027
187.90000	0.00220
187.98333	0.00269
188.05000	0.00011
188.10000	0.00140
188.15000	0.00236
188.21667	0.00156
188.28333	0.00027
188.33333	0.00124
188.35000	-0.00005
188.36667	-0.00005
188.36667	0.00204
188.36667	0.00075
188.36667	0.00204
188.36667	0.00188
188.36667	-0.00086
188.36667	0.00124
188.36667	0.00059
188.36667	0.00075
188.36667	0.00140
188.36667	-0.00037
188.36667	-0.00263
188.36667	0.00188
188.36667	0.00108
188.36667	0.00156
188.36667	0.00075
188.36667	0.00092
188.36667	-0.00021
188.36667	-0.00037
188.36667	-0.00005
188.36667	-0.00021
188.36667	0.00092
188.36667	0.00204
188.36667	0.02282
188.36667	-0.00166
188.36667	0.01783
188.36667	-0.00166
188.36667	-0.00005
188.36667	0.00156
188.36667	0.00172
188.36667	0.00027
188.36667	0.00027
188.36667	-0.00053
188.36667	-0.00037
188.36667	0.00140
188.36667	0.00092
188.36667	0.00140
188.36667	0.00011
188.36667	0.00172
188.36667	0.00108
188.36667	0.00075
188.36667	0.00124
188.36667	0.00736
188.36667	0.00108
188.36667	0.00059
188.36667	0.00059
188.36667	0.00075
188.36667	0.00043
188.36667	0.00027
188.36667	-0.00005
188.36667	0.00156
188.36667	0.02314
188.36667	0.00510
188.36667	-0.00070
188.36667	0.00156
188.36667	-0.00037
188.36667	0.00236
188.36667	0.00140
188.36667	-0.00037
188.36667	0.00253
188.36667	0.00140
188.36667	0.00285
188.36667	0.00236
188.36667	0.01622
188.36667	0.00059
188.36667	0.00027
188.36667	0.03039
188.36667	0.02411
188.36667	0.02733
188.36667	0.01928
188.36667	0.01428
188.36667	0.01396
188.36667	0.01090
188.36667	0.00156
188.36667	0.00059
188.36667	-0.00166
188.36667	0.00172
188.36667	0.00043
188.36667	-0.00198
188.36667	-0.00005
188.36667	0.00140
188.36667	0.00027
188.36667	0.00011
188.36667	0.00253
188.36667	0.00172
188.36667	0.00140
188.36667	0.00108
188.36667	0.00236
188.36667	0.00124
188.36667	0.00108
188.36667	0.00059
188.36667	0.00092
188.36667	0.00092
188.36667	0.00043
188.36667	-0.00005
188.36667	0.00108
188.36667	-0.00053
188.36667	0.00059
188.36667	0.00059
188.36667	0.00075
188.36667	0.00220
188.36667	0.00043
188.36667	0.00124
188.36667	0.00011
188.36667	0.00075
188.36667	0.00011
188.36667	0.00124
188.36667	0.00156
188.36667	0.00108
188.36667	0.00124
188.36667	-0.00053
188.36667	0.00108
188.36667	-0.00134
188.36667	-0.00102
188.36667	-0.00037
188.36667	0.00108
188.36667	0.00108
188.36667	0.00043
188.36667	0.00204
188.36667	0.00075
188.36667	0.00075
188.36667	0.00124
188.36667	0.00172
188.36667	0.00043
188.36667	0.00075
188.36667	0.00108
188.36667	0.00124
188.36667	0.00043
188.36667	0.00140
188.36667	0.00156
188.36667	0.00140
188.36667	-0.00037
188.36667	0.00027
188.36667	0.00108
188.36667	0.00188
188.36667	0.00108
188.36667	0.00124
188.36667	0.00075
188.36667	-0.00037
188.36667	-0.00021
188.40000	-0.00021
188.50000	-0.00231
188.60000	-0.00086
188.68333	0.00043
188.75000	0.00092
188.78333	0.00011
188.80000	-0.00037
188.83333	0.00092
188.83333	-0.00053
188.85000	-0.00118
188.85000	-0.00231
188.85000	-0.00070
188.85000	-0.00134
188.85000	-0.00070
188.85000	-0.00182
188.86667	-0.00263
188.86667	0.00059
188.86667	-0.00134
188.86667	-0.00070
188.88333	-0.00150
188.88333	-0.00295
188.90000	-0.00182
188.93333	-0.00247
188.95000	-0.00070
188.95000	-0.00102
188.96667	-0.00263
188.98333	-0.00150
188.98333	-0.00247
189.00000	-0.00070
189.00000	-0.00102
189.00000	-0.00166
189.00000	-0.00215
189.00000	-0.00182
189.00000	-0.00102
189.00000	-0.00166
189.00000	-0.00118
189.00000	-0.00231
189.00000	0.00011
189.00000	0.00220
189.00000	0.00494
189.00000	0.00011
189.00000	-0.00086
189.00000	0.00092
189.00000	-0.00150
189.00000	0.00011
189.00000	0.00865
189.00000	0.00059
189.00000	0.00027
189.00000	0.01622
189.00000	0.00108
189.00000	-0.00053
189.00000	0.00156
189.00000	0.00172
189.00000	0.00575
189.00000	-0.00118
189.00000	-0.00166
189.00000	-0.00198
189.00000	-0.00070
189.00000	-0.00134
189.00000	-0.00134
189.00000	-0.00150
189.00000	0.00285
189.00000	-0.00070
189.00000	-0.00102
189.00000	-0.00182
189.00000	-0.00247
189.00000	-0.00247
189.00000	-0.00263
189.00000	-0.00134
189.00000	-0.00198
189.00000	-0.00053
189.00000	-0.00198
189.00000	-0.00118
189.00000	-0.00166
189.00000	-0.00182
189.00000	-0.00215
189.00000	-0.00086
189.00000	-0.00166
189.00000	-0.00231
189.00000	-0.00134
189.00000	-0.00102
189.00000	-0.00198
189.00000	-0.00005
189.00000	-0.00102
189.00000	-0.00198
189.00000	-0.00070
189.00000	0.00156
189.00000	0.00414
189.00000	-0.00215
189.00000	0.00027
189.00000	0.00881
189.00000	0.00059
189.00000	0.00043
189.00000	0.00607
189.00000	0.00414
189.00000	0.00526
189.00000	0.00333
189.00000	0.00253
189.00000	0.00317
189.00000	0.00607
189.00000	0.00543
189.00000	0.00752
189.00000	0.00816
189.00000	0.00655
189.00000	0.00913
189.00000	0.00543
189.00000	0.00720
189.00000	0.01284
189.00000	0.00881
189.00000	0.00816
189.00000	0.00994
189.00000	0.00994
189.00000	0.00977
189.00000	0.00478
189.00000	0.00832
189.00000	0.00816
189.00000	0.01042
189.00000	0.00881
189.00000	0.00977
189.00000	0.01171
189.00000	0.00865
189.00000	0.00704
189.00000	0.00607
189.00000	0.00607
189.00000	0.00800
189.00000	0.00800
189.00000	0.00832
189.00000	0.00913
189.00000	0.00816
189.00000	0.01155
189.00000	0.00865
189.00000	0.01042
189.00000	0.00913
189.00000	0.00720
189.00000	0.00720
189.00000	0.00752
189.00000	0.01171
189.00000	0.01074
189.00000	0.00849
189.00000	0.00929
189.00000	0.00623
189.00000	0.01074
189.00000	0.01106
189.00000	0.00865
189.00000	0.00027
189.00000	0.00881
189.00000	0.00720
189.00000	0.00381
189.00000	0.00494
189.00000	0.00543
189.00000	0.00575
189.00000	0.00478
189.00000	0.00639
189.00000	0.00623
189.00000	0.00639
189.00000	0.00768
189.00000	0.00784
189.00000	0.00478
189.00000	0.00414
189.00000	0.00832
189.00000	0.00462
189.00000	0.00768
189.00000	0.00446
189.00000	0.00688
189.00000	0.00639
189.00000	0.00816
189.00000	0.00816
189.00000	0.00688
189.00000	0.00768
189.00000	0.00849
189.00000	0.00865
189.00000	0.00913
189.00000	0.00655
189.00000	0.00913
189.00000	0.00720
189.00000	0.01010
189.00000	0.00365
189.00000	0.00607
189.00000	0.00849
189.00000	0.00752
189.00000	0.00768
189.00000	0.00800
189.00000	0.00575
189.00000	0.00736
189.00000	0.00704
189.00000	0.00575
189.00000	0.00929
189.00000	0.00655
189.00000	0.00816
189.00000	0.00865
189.00000	0.00768
189.00000	0.00736
189.00000	0.00849
189.00000	0.00510
189.00000	0.00704
189.00000	0.00865
189.00000	0.00607
189.00000	0.00752
189.00000	0.00832
189.00000	0.00849
189.00000	0.00832
189.00000	0.00800
189.00000	0.01219
189.00000	0.00816
189.00000	0.00994
189.00000	0.00768
189.00000	0.00575
189.00000	0.00430
189.00000	0.00430
189.00000	0.00333
189.00000	0.00816
189.00000	0.00478
189.00000	0.00784
189.00000	0.00929
189.00000	0.00977
189.00000	0.00849
189.00000	0.00575
189.00000	0.00865
189.00000	0.00768
189.00000	0.00849
189.00000	0.01026
189.00000	0.00913
189.00000	0.01058
189.00000	0.00832
189.00000	0.00849
189.00000	0.00816
189.00000	0.00945
189.00000	0.00897
189.00000	0.00800
189.00000	0.00736
189.00000	0.00720
189.00000	0.00623
189.00000	0.00559
189.00000	0.00800
189.00000	0.00704
189.00000	0.00720
189.00000	0.00881
189.00000	0.00849
189.00000	0.00752
189.00000	0.00832
189.00000	0.00720
189.00000	0.00623
189.00000	0.00929
189.00000	0.00832
189.00000	0.00736
189.00000	0.00720
189.00000	0.00607
189.00000	0.00430
189.00000	0.00494
189.00000	0.00543
189.00000	0.00768
189.00000	0.00623
189.00000	0.00816
189.00000	0.00800
189.00000	0.00655
189.00000	0.01058
189.00000	0.00736
189.00000	0.00526
189.00000	0.00832
189.00000	0.00865
189.00000	0.00865
189.00000	0.01010
189.00000	0.00881
189.00000	0.00736
189.00000	0.00768
189.00000	0.00929
189.00000	0.00865
189.00000	0.00977
189.00000	0.00704
189.00000	0.00994
189.00000	0.01074
189.00000	0.01074
189.00000	0.01106
189.00000	0.01042
189.00000	0.00994
189.00000	0.00800
189.00000	0.00849
189.00000	0.00784
189.00000	0.00913
189.00000	0.01010
189.00000	0.01074
189.00000	0.00961
189.00000	0.00832
189.00000	0.01010
189.00000	0.00800
189.00000	0.00816
189.00000	0.00881
189.00000	0.00945
189.00000	0.00961
189.00000	0.00945
189.00000	0.00865
189.00000	0.01026
189.00000	0.00897
189.00000	0.00784
189.00000	0.00961
189.00000	0.00881
189.00000	0.01026
189.00000	0.00526
189.00000	0.00945
189.00000	0.01074
189.00000	0.00897
189.00000	0.00881
189.00000	0.00784
189.00000	0.01026
189.00000	0.00897
189.00000	0.00639
189.00000	0.00994
189.00000	0.00977
189.00000	0.00865
189.00000	0.00929
189.00000	0.01026
189.00000	0.00881
189.00000	0.01090
189.00000	0.00929
189.00000	0.00784
189.00000	0.00752
189.00000	0.00977
189.00000	0.00784
189.00000	0.00913
189.00000	0.00961
189.00000	0.00913
189.00000	0.01058
189.00000	0.00752
189.00000	0.01010
189.00000	0.00849
189.00000	0.00832
189.00000	0.00736
189.00000	0.00881
189.00000	0.00704
189.00000	0.00736
189.00000	0.00849
189.00000	0.00816
189.00000	0.01010
189.00000	0.00945
189.00000	0.01074
189.00000	0.00929
189.00000	0.01026
189.00000	0.00688
189.00000	0.01139
189.00000	0.01058
189.00000	0.01026
189.00000	0.00655
189.00000	0.00704
189.00000	0.00913
189.00000	0.00752
189.00000	0.00752
189.00000	0.01058
189.00000	0.01122
189.00000	0.00752
189.00000	0.01235
189.00000	0.01267
189.00000	0.01203
189.00000	0.00945
189.00000	0.01284
189.00000	0.01026
189.00000	0.00994
189.00000	0.00913
189.00000	0.01058
189.00000	0.00720
189.00000	0.00897
189.00000	0.00446
189.00000	0.01203
189.00000	0.00800
189.00000	0.01364
189.00000	0.01396
189.01667	0.01348
189.10000	0.01026
189.20000	0.01026
189.30000	0.01122
189.40000	0.01058
189.45000	0.01219
189.48333	0.01380
189.53333	0.00075
189.60000	0.00301
189.65000	0.00027
189.71667	0.00043
189.76667	0.00236
189.80000	0.00365
189.85000	0.00092
189.86667	0.00253
189.86667	0.00236
189.86667	0.24592
189.86667	0.00301
189.86667	0.00172
189.86667	0.00977
189.86667	0.00816
189.86667	0.00575
189.86667	0.00929
189.86667	0.17714
189.86667	0.00301
189.86667	0.00301
189.86667	0.00832
189.86667	0.00188
189.86667	0.00253
189.86667	0.00543
189.86667	0.00994
189.86667	0.00543
189.86667	0.00414
189.86667	0.00655
189.86667	0.00236
189.86667	-0.00102
189.86667	0.01026
189.86667	0.00559
189.86667	0.00462
189.86667	0.00140
189.86667	0.00011
189.86667	-0.00005
189.86667	0.23400
189.86667	0.00156
189.86667	0.01090
189.86667	0.00059
189.86667	0.00108
189.86667	0.00108
189.86667	0.00027
189.86667	0.00011
189.86667	0.00446
189.86667	0.00172
189.86667	0.00333
189.86667	0.00301
189.86667	0.00269
189.86667	0.00446
189.86667	0.00285
189.86667	0.00381
189.86667	0.00301
189.86667	0.00398
189.86667	0.00349
189.86667	0.00140
189.86667	0.00398
189.86667	0.00172
189.86667	0.00526
189.86667	0.00333
189.86667	0.00543
189.86667	0.00414
189.86667	0.00398
189.86667	0.00494
189.86667	0.00236
189.86667	0.00204
189.86667	0.00220
189.86667	0.00365
189.86667	0.00430
189.86667	0.00253
189.86667	0.00446
189.86667	0.00269
189.86667	0.00285
189.86667	0.00333
189.86667	0.00301
189.86667	0.00253
189.86667	0.00430
189.86667	0.00414
189.86667	0.00317
189.86667	0.00285
189.86667	0.00236
189.86667	0.00398
189.86667	0.00333
189.86667	0.00446
189.86667	0.00188
189.86667	0.00269
189.86667	0.00236
189.86667	0.00510
189.86667	0.00253
189.86667	0.00204
189.86667	0.00333
189.86667	0.00140
189.88333	0.00414
189.93333	0.00204
189.96667	0.00285
189.98333	0.00172
190.03333	0.00172
190.06667	0.00220
190.11667	0.00204
190.15000	0.00124
190.18333	0.00124
190.23333	0.15829
190.26667	0.01010
190.31667	0.00688
190.35000	0.00446
190.36667	0.00430
190.40000	0.00704
190.41667	0.00398
190.43333	0.00736
190.45000	0.00414
190.46667	0.01267
190.46667	0.00108
190.46667	0.00027
190.48333	0.00027
190.48333	0.01976
190.48333	-0.00053
190.48333	-0.00053
190.48333	0.00108
190.48333	0.00059
190.48333	0.00043
190.50000	0.00494
190.50000	0.00526
190.51667	0.00591
190.51667	0.00768
190.53333	0.00478
190.53333	0.00575
190.53333	0.00462
190.53333	0.00349
190.53333	0.00059
190.53333	0.00349
190.53333	0.00172
190.53333	0.00333
190.53333	0.00108
190.53333	0.00236
190.53333	0.00430
190.53333	0.00494
190.53333	0.00494
190.53333	0.00607
190.53333	0.00365
190.53333	0.00381
190.53333	0.00140
190.53333	0.00156
190.53333	0.00059
190.53333	0.00027
190.53333	0.00301
190.53333	0.00172
190.53333	0.00285
190.53333	0.00140
190.53333	0.00172
190.53333	0.00188
190.53333	0.00075
190.53333	0.00011
190.53333	0.00043
190.53333	0.00430
190.53333	0.00236
190.53333	0.00961
190.53333	0.00510
190.53333	0.00381
190.53333	0.00333
190.53333	0.00414
190.53333	0.00349
190.53333	0.00365
190.53333	0.00011
190.53333	0.01316
190.53333	0.00977
190.53333	0.00446
190.53333	0.00124
190.53333	0.01074
190.53333	0.00478
190.53333	0.00446
190.53333	0.00108
190.53333	0.01122
190.53333	0.00462
190.53333	0.00188
190.53333	0.00156
190.53333	0.01364
190.53333	0.00269
190.53333	0.00526
190.53333	0.00220
190.53333	0.00994
190.53333	0.00317
190.53333	0.00269
190.53333	0.00800
190.53333	0.00301
190.53333	-0.00311
190.55000	0.00349
190.56667	0.00478
190.60000	0.00236
190.61667	0.00381
190.63333	0.00188
190.66667	0.00381
190.68333	0.00623
190.70000	0.00398
190.73333	0.00494
190.75000	0.00188
190.80000	0.00301
190.81667	0.00059
190.85000	0.00414
190.88333	0.00381
190.91667	0.00365
190.95000	0.00204
191.00000	0.00381
191.03333	0.00269
191.06667	0.00269
191.10000	0.00124
191.11667	0.00333
191.11667	0.00172
191.13333	0.00253
191.13333	0.00059
191.13333	0.00027
191.15000	0.00220
191.15000	0.00381
191.16667	0.00333
191.18333	0.00172
191.18333	0.00140
191.20000	0.00381
191.20000	0.00236
191.20000	0.00398
191.20000	0.00510
191.20000	0.00736
191.20000	0.00156
191.20000	0.00027
191.20000	0.00188
191.20000	0.00333
191.21667	0.00059
191.21667	0.00124
191.21667	0.00333
191.23333	0.00269
191.23333	0.00253
191.25000	0.00317
191.25000	0.00043
191.25000	0.00027
191.25000	0.00027
191.25000	0.00108
191.25000	0.00543
191.25000	0.00639
191.25000	0.00172
191.25000	0.00140
191.25000	0.00043
191.25000	0.00027
191.25000	0.17762
191.25000	0.00172
191.25000	0.00220
191.25000	0.00349
191.25000	0.00204
191.25000	-0.00102
191.25000	-0.00247
191.23333	-0.00182
191.23333	0.00220
191.23333	0.00108
191.23333	-0.00053
191.23333	0.00317
191.23333	0.00156
191.23333	0.00333
191.23333	0.00108
191.23333	0.00204
191.23333	0.00140
191.23333	-0.00053
191.23333	0.00236
191.23333	0.00381
191.23333	0.00188
191.23333	0.00446
191.23333	0.00398
191.23333	0.00349
191.23333	0.00253
191.23333	0.00430
191.23333	0.00172
191.23333	0.00075
191.23333	0.00285
191.23333	0.00172
191.23333	0.00156
191.23333	0.00027
191.23333	0.00027
191.23333	0.00333
191.23333	0.00027
191.23333	0.00059
191.23333	0.00156
191.23333	0.00188
191.23333	0.00220
191.23333	0.00285
191.23333	0.00204
191.23333	0.00236
191.23333	0.00204
191.23333	0.00317
191.23333	-0.00005
191.23333	0.00043
191.23333	0.00027
191.23333	0.00462
191.23333	0.00349
191.23333	0.00092
191.23333	0.00156
191.23333	0.00092
191.23333	0.00253
191.23333	0.00236
191.23333	0.00156
191.23333	0.00156
191.23333	0.00301
191.23333	0.00204
191.23333	0.00124
191.23333	0.00059
191.23333	0.00124
191.23333	0.00220
191.23333	0.00172
191.23333	0.00140
191.23333	0.00188
191.23333	0.00075
191.23333	0.00108
191.23333	0.00059
191.23333	0.00059
191.23333	0.00092
191.23333	0.00108
191.23333	0.00204
191.23333	0.00269
191.23333	0.00075
191.23333	0.00172
191.23333	0.00220
191.23333	0.00269
191.23333	0.00204
191.23333	0.00059
191.23333	0.00172
191.23333	0.00092
191.25000	0.00172
191.25000	0.00156
191.25000	0.00156
191.25000	0.00027
191.25000	0.00027
191.25000	0.00059
191.26667	0.00220
191.30000	0.00027
191.35000	0.00236
191.38333	0.00236
191.43333	0.00188
191.48333	0.00430
191.51667	0.00172
191.56667	0.00301
191.60000	0.00430
191.63333	0.00398
191.68333	0.00510
191.71667	0.00140
191.75000	0.00253
191.78333	0.00832
191.81667	-0.00086
191.83333	0.00092
191.86667	0.00204
191.90000	0.00301
191.91667	0.00043
191.93333	0.00092
191.95000	0.00156
191.95000	0.00204
191.96667	0.00543
191.98333	0.00381
191.98333	0.00398
191.98333	0.00671
191.98333	0.00188
191.98333	0.00381
192.00000	0.00156
192.01667	0.00108
192.01667	0.00220
192.01667	0.00269
192.01667	0.00027
192.01667	0.00108
192.01667	0.00092
192.01667	0.00220
192.01667	-0.00037
192.01667	0.00156
192.01667	0.00156
192.01667	-0.00070
192.01667	0.00092
192.01667	0.00043
192.01667	0.00108
192.01667	0.00140
192.01667	-0.00005
192.01667	0.00236
192.01667	0.00124
192.01667	0.00172
192.01667	0.00075
192.01667	0.00172
192.01667	0.00220
192.01667	0.00720
192.01667	0.00043
192.01667	0.00220
192.01667	0.00269
192.01667	0.00140
192.01667	0.00108
192.01667	0.00156
192.01667	0.00172
192.01667	0.00140
192.01667	0.00043
192.01667	0.00172
192.01667	0.00156
192.01667	0.00108
192.01667	-0.00037
192.01667	0.00204
192.01667	0.00269
192.01667	0.00092
192.01667	0.00027
192.01667	0.00204
192.01667	0.00124
192.01667	-0.00118
192.01667	0.00172
192.01667	0.00236
192.01667	0.00204
192.01667	0.00365
192.01667	-0.00182
192.01667	0.00059
192.01667	0.00075
192.01667	0.00156
192.01667	-0.00086
192.01667	0.00027
192.01667	0.00108
192.01667	0.00027
192.01667	0.00301
192.00000	0.00188
192.00000	0.00075
192.00000	0.00253
192.00000	0.00172
192.00000	0.00285
192.00000	-0.00021
192.00000	0.00059
192.00000	0.00108
192.00000	0.00124
192.00000	0.00027
192.00000	0.00011
192.00000	0.00043
192.00000	0.00140
192.00000	0.00027
192.00000	0.00059
192.00000	0.00092
192.00000	0.00075
192.00000	0.00108
192.00000	0.00236
192.00000	0.00172
192.00000	0.00188
192.00000	0.00092
192.00000	0.00188
192.00000	0.00092
192.00000	0.00092
192.00000	-0.00021
192.00000	0.00011
192.00000	-0.00070
192.00000	0.00188
192.00000	0.00188
192.00000	0.00188
192.00000	0.00236
192.00000	0.00253
192.00000	0.00188
192.00000	0.00253
192.00000	0.00156
192.00000	0.00220
192.00000	0.00253
192.00000	0.00220
192.00000	0.00317
192.00000	0.00462
192.00000	0.00236
192.00000	0.00204
192.00000	0.00075
192.00000	0.00156
192.00000	0.00092
192.00000	0.00011
192.00000	0.00430
192.00000	0.00253
192.00000	0.00075
192.00000	0.00220
192.00000	0.00253
192.00000	0.00140
192.00000	0.00204
192.00000	0.00172
192.00000	0.00236
192.00000	0.00317
192.00000	0.00108
192.00000	0.00140
192.00000	0.00027
192.00000	0.00156
192.00000	0.00220
192.00000	0.00156
192.00000	0.00188
192.00000	0.00172
192.00000	0.00124
192.00000	0.00172
192.00000	0.00075
192.00000	-0.00005
192.00000	0.00108
192.00000	0.00140
192.00000	0.00108
192.00000	0.00188
192.00000	0.00075
192.00000	0.00140
192.00000	0.00236
192.00000	0.00172
192.00000	0.00043
192.00000	0.00075
192.00000	0.00108
192.00000	0.00172
192.00000	0.00011
192.00000	0.00108
192.00000	0.00108
192.00000	-0.00005
192.00000	0.00011
192.00000	0.00172
192.00000	0.00043
192.00000	0.00043
192.00000	0.00011
192.00000	0.00188
192.00000	0.00156
192.00000	0.00220
192.00000	0.00172
192.00000	0.00204
192.00000	0.00108
192.00000	0.00043
192.00000	0.00188
192.00000	0.00188
192.00000	0.00027
192.00000	0.00156
192.00000	0.00027
192.00000	0.00108
192.01667	0.00140
192.01667	0.00027
192.01667	-0.00021
192.01667	0.00333
192.01667	0.00236
192.01667	0.00124
192.01667	0.00156
192.01667	0.00092
192.01667	0.00043
192.01667	0.00172
192.01667	0.00075
192.01667	0.00092
192.01667	0.00220
192.01667	0.00204
192.01667	0.00043
192.01667	0.00220
192.01667	0.00204
192.01667	0.00381
192.01667	0.00236
192.01667	0.00301
192.00000	0.00204
192.00000	0.00381
192.00000	0.00253
192.00000	0.00253
192.00000	0.00172
192.00000	0.00043
192.00000	0.00108
192.00000	0.00075
192.00000	0.00204
192.00000	0.00027
192.00000	0.00188
192.00000	-0.00037
192.00000	0.00204
192.00000	0.00027
192.00000	0.00220
192.00000	0.00092
192.00000	0.00269
192.00000	0.00011
192.00000	0.00188
192.01667	0.00059
192.01667	0.00333
192.01667	0.00220
192.01667	0.00349
192.06667	0.00092
192.11667	0.00124
192.18333	0.00414
192.21667	0.00188
192.25000	0.00285
192.28333	0.00381
192.31667	0.00108
192.36667	0.00220
192.43333	0.00156
192.48333	0.00236
192.51667	0.00204
192.55000	0.00204
192.56667	0.00349
192.58333	0.00301
192.60000	0.00349
192.61667	0.00253
192.63333	0.00124
192.63333	0.00269
192.63333	0.00220
192.65000	0.00301
192.65000	0.00349
192.65000	0.00124
192.65000	0.00092
192.66667	0.00059
192.66667	0.00140
192.66667	0.00108
192.66667	0.00092
192.66667	0.00075
192.66667	0.00156
192.66667	0.00108
192.66667	0.00124
192.66667	0.00043
192.68333	-0.00037
192.70000	0.00059
192.70000	0.00156
192.70000	0.00156
192.70000	-0.00150
192.70000	0.00027
192.70000	0.00108
192.70000	0.00236
192.70000	0.00027
192.70000	0.00124
192.70000	0.00156
192.70000	0.00156
192.70000	0.00285
192.70000	0.00075
192.70000	0.00075
192.70000	0.00108
192.70000	0.00027
192.70000	0.00075
192.70000	-0.00118
192.70000	0.00059
192.70000	0.00043
192.70000	0.00156
192.70000	0.00140
192.70000	0.00188
192.70000	0.00027
192.70000	0.00059
192.70000	0.00108
192.70000	0.00188
192.70000	0.00092
192.70000	0.00108
192.70000	0.00140
192.70000	-0.00053
192.70000	0.00092
192.70000	0.00156
192.70000	0.00156
192.70000	0.00253
192.70000	0.00269
192.70000	0.00269
192.70000	0.00156
192.70000	0.00075
192.70000	0.00059
192.70000	0.00043
192.70000	0.00043
192.70000	0.00108
192.70000	0.00043
192.70000	0.00188
192.70000	0.00027
192.70000	0.00092
192.70000	0.00011
192.70000	-0.00021
192.70000	-0.00005
192.70000	0.00124
192.70000	0.00124
192.70000	0.00075
192.70000	0.00220
192.70000	0.00124
192.70000	0.00092
192.70000	0.00285
192.70000	0.00092
192.70000	-0.00021
192.70000	0.00027
192.70000	-0.00005
192.70000	0.00381
192.70000	0.00220
192.70000	0.00236
192.70000	0.00301
192.70000	0.00333
192.70000	0.00236
192.70000	0.00220
192.70000	0.00059
192.70000	0.00108
192.70000	0.00140
192.70000	-0.00005
192.70000	-0.00005
192.70000	-0.00070
192.70000	0.00059
192.70000	0.00059
192.70000	0.00172
192.70000	0.00172
192.70000	0.00285
192.70000	0.00204
192.70000	0.00236
192.70000	0.00172
192.70000	0.00043
192.70000	0.00204
192.70000	0.00059
192.70000	0.00075
192.70000	0.00156
192.70000	0.00220
192.70000	0.00253
192.70000	0.00269
192.70000	0.00156
192.70000	0.00140
192.70000	0.00011
192.70000	-0.00037
192.70000	-0.00037
192.70000	0.00301
192.70000	0.00188
192.70000	0.00156
192.70000	0.00301
192.70000	0.00188
192.70000	0.00317
192.70000	-0.00037
192.70000	0.00043
192.70000	0.00075
192.70000	0.00043
192.70000	0.00124
192.70000	0.00172
192.70000	0.00220
192.70000	0.00204
192.70000	0.00140
192.70000	0.00156
192.70000	0.00075
192.70000	0.00124
192.70000	0.00059
192.70000	0.00027
192.70000	0.00204
192.70000	0.00333
192.70000	0.00188
192.70000	0.00172
192.70000	0.00188
192.70000	0.00172
192.70000	0.00108
192.70000	0.00188
192.70000	0.00333
192.70000	0.00253
192.70000	0.00140
192.70000	0.00188
192.70000	0.00220
192.70000	0.00333
192.70000	0.00269
192.70000	0.00204
192.70000	0.00204
192.70000	0.00236
192.70000	0.00204
192.70000	0.00027
192.70000	0.00108
192.70000	0.00285
192.70000	0.00285
192.70000	0.00349
192.70000	0.00365
192.70000	0.00172
192.70000	0.00140
192.70000	0.00381
192.70000	0.00285
192.70000	0.00156
192.71667	0.00172
192.73333	0.00317
192.81667	0.00349
192.86667	0.00156
192.91667	-0.00005
192.96667	0.00043
193.01667	0.00204
193.05000	0.00253
193.10000	0.00204
193.13333	0.00269
193.16667	0.00172
193.20000	0.00124
193.25000	0.00156
193.30000	0.00253
193.31667	0.00188
193.35000	0.00172
193.36667	0.00140
193.40000	0.00172
193.43333	0.00108
193.45000	0.00188
193.46667	0.00156
193.46667	0.00124
193.46667	0.00092
193.46667	0.00301
193.46667	0.00269
193.46667	0.00430
193.46667	0.00317
193.46667	0.00446
193.46667	0.00381
193.46667	0.00156
193.46667	0.00059
193.46667	0.00156
193.46667	0.00285
193.46667	0.00333
193.46667	0.00124
193.46667	0.00108
193.46667	0.00124
193.46667	0.00188
193.46667	0.00220
193.46667	0.00365
193.46667	0.00349
193.46667	0.00253
193.46667	0.00349
193.46667	0.00236
193.46667	0.00075
193.46667	0.00172
193.46667	0.00220
193.46667	0.00285
193.46667	0.00075
193.46667	0.00092
193.46667	0.00124
193.46667	0.00124
193.46667	0.00075
193.46667	0.00043
193.46667	0.00236
193.46667	-0.00005
193.46667	0.00236
193.46667	0.00269
193.46667	0.00059
193.45000	0.00172
193.45000	0.00172
193.45000	0.00285
193.45000	0.00011
193.45000	0.00108
193.46667	0.00204
193.46667	0.00317
193.46667	0.00108
193.46667	0.00092
193.46667	0.00188
193.46667	0.00301
193.46667	0.00253
193.46667	0.00301
193.46667	0.00236
193.46667	0.00140
193.46667	0.00156
193.46667	0.00108
193.46667	0.00204
193.46667	0.00140
193.46667	0.00011
193.46667	0.00172
193.46667	0.00285
193.46667	0.00140
193.46667	0.00204
193.46667	-0.00005
193.46667	0.00124
193.46667	0.00188
193.46667	0.00204
193.46667	0.00108
193.46667	0.00220
193.46667	0.00124
193.46667	0.00172
193.46667	0.00317
193.46667	0.00220
193.46667	0.00430
193.46667	0.00333
193.46667	0.00446
193.46667	0.00285
193.46667	0.00236
193.46667	0.00349
193.46667	0.00381
193.46667	0.00430
193.46667	0.00317
193.46667	0.00446
193.46667	0.00462
193.46667	0.00301
193.46667	0.00253
193.46667	0.00285
193.46667	0.00349
193.46667	0.00140
193.46667	0.00349
193.46667	0.00092
193.46667	0.00043
193.46667	0.00220
193.46667	0.00285
193.46667	0.00381
193.46667	0.00398
193.46667	0.00446
193.46667	0.00381
193.46667	0.00317
193.46667	0.00140
193.46667	0.00124
193.46667	0.00059
193.46667	0.00156
193.46667	0.00220
193.46667	0.00269
193.46667	0.00269
193.46667	0.00462
193.46667	0.00333
193.46667	0.00430
193.46667	0.00414
193.46667	0.00204
193.46667	0.00333
193.46667	0.00027
193.46667	0.00365
193.46667	0.00349
193.46667	0.00381
193.46667	0.00285
193.46667	0.00220
193.46667	0.00301
193.46667	0.00253
193.46667	0.00220
193.46667	0.00269
193.46667	0.00526
193.46667	0.00349
193.46667	0.00156
193.46667	0.00430
193.46667	0.00575
193.46667	0.00236
193.46667	0.00317
193.46667	0.00301
193.46667	0.00414
193.46667	0.00333
193.46667	0.00317
193.46667	0.00220
193.46667	0.00236
193.46667	0.00188
193.46667	0.00269
193.46667	0.00301
193.46667	0.00381
193.46667	0.00430
193.46667	0.00269
193.46667	0.00236
193.46667	0.00220
193.46667	0.00269
193.46667	0.00333
193.46667	0.00430
193.46667	0.00462
193.46667	0.00381
193.46667	0.00381
193.48333	0.00430
193.55000	0.00301
193.63333	0.00269
193.68333	0.00172
193.71667	0.00317
193.76667	0.00462
193.81667	0.00430
193.86667	0.00478
193.91667	0.00430
193.96667	0.00414
194.00000	0.00236
194.05000	0.00398
194.10000	0.00381
194.13333	0.00172
194.15000	0.00430
194.18333	0.00478
194.20000	0.00398
194.23333	0.00365
194.25000	0.00317
194.28333	0.00188
194.30000	0.00430
194.31667	0.00333
194.33333	0.00430
194.35000	0.00381
194.36667	0.00333
194.40000	0.00526
194.41667	0.00285
194.41667	0.00381
194.43333	0.00430
194.45000	0.00510
194.45000	0.00285
194.46667	0.00253
194.46667	0.00269
194.46667	0.00236
194.46667	0.00204
194.46667	0.00446
194.48333	0.00398
194.48333	0.00381
194.50000	0.00253
194.51667	0.00510
194.51667	0.00333
194.53333	0.00414
194.53333	0.00430
194.53333	0.00204
194.53333	0.00108
194.53333	0.00156
194.53333	0.00398
194.53333	0.00253
194.53333	0.00398
194.53333	0.00253
194.53333	0.00075
194.53333	0.00317
194.53333	0.00494
194.53333	0.00446
194.53333	0.00607
194.53333	0.00559
194.53333	0.00414
194.53333	0.00285
194.53333	0.00236
194.53333	0.00414
194.53333	0.00349
194.53333	0.00510
194.53333	0.00365
194.53333	0.00398
194.53333	0.00446
194.53333	0.00253
194.53333	0.00317
194.53333	0.00140
194.53333	0.00446
194.53333	0.00220
194.53333	0.00430
194.53333	0.00543
194.53333	0.00591
194.53333	0.00591
194.53333	0.00607
194.53333	0.00365
194.53333	0.00140
194.53333	0.00220
194.53333	0.00301
194.53333	0.00285
194.53333	0.00398
194.53333	0.00285
194.53333	0.00414
194.53333	0.00333
194.53333	0.00333
194.53333	0.00381
194.53333	0.00478
194.53333	0.00575
194.53333	0.00204
194.53333	0.00543
194.53333	0.00559
194.53333	0.00398
194.53333	0.00494
194.53333	0.00333
194.53333	0.00462
194.53333	0.00365
194.53333	0.00510
194.53333	0.00381
194.53333	0.00269
194.53333	0.00414
194.53333	0.00365
194.53333	0.00494
194.53333	0.00478
194.53333	0.00688
194.53333	0.00365
194.53333	0.00414
194.53333	0.00430
194.53333	0.00317
194.53333	0.00494
194.53333	0.00381
194.53333	0.00446
194.53333	0.00365
194.53333	0.00462
194.53333	0.00462
194.53333	0.00688
194.53333	0.00398
194.53333	0.00446
194.53333	0.00349
194.53333	0.00365
194.53333	0.00398
194.53333	0.00381
194.53333	0.00478
194.53333	0.00671
194.53333	0.00430
194.53333	0.00430
194.53333	0.00381
194.53333	0.00430
194.53333	0.00414
194.53333	0.00188
194.53333	0.00140
194.53333	0.00204
194.53333	0.00236
194.53333	0.00124
194.53333	0.00333
194.53333	0.00414
194.53333	0.00446
194.53333	0.00414
194.53333	0.00510
194.53333	0.00559
194.53333	0.00526
194.53333	0.00752
194.53333	0.00591
194.53333	0.00494
194.53333	0.00655
194.53333	0.00365
194.53333	0.00623
194.53333	0.00575
194.53333	0.00784
194.53333	0.00317
194.53333	0.00156
194.53333	0.00172
194.53333	0.00188
194.53333	0.00075
194.53333	0.00333
194.53333	0.00414
194.53333	0.00430
194.53333	0.00381
194.53333	0.00510
194.53333	0.00317
194.53333	0.00204
194.53333	0.00301
194.53333	0.00317
194.53333	0.00301
194.53333	0.00607
194.53333	0.00446
194.53333	0.00494
194.53333	0.00543
194.53333	0.00430
194.53333	0.00349
194.53333	0.00317
194.53333	0.00156
194.53333	0.00253
194.53333	0.00220
194.53333	0.00188
194.53333	0.00575
194.53333	0.00510
194.53333	0.00945
194.53333	0.00623
194.53333	0.00736
194.53333	0.00575
194.53333	0.00398
194.53333	0.00510
194.53333	0.00365
194.53333	0.00301
194.53333	0.00333
194.53333	0.00720
194.56667	0.00301
194.68333	0.00301
194.80000	0.00688
194.88333	0.00333
194.96667	0.00414
195.05000	0.00349
195.13333	0.00494
195.20000	0.00559
195.26667	0.00752
195.33333	0.00510
195.38333	0.00736
195.41667	0.00494
195.45000	0.00623
195.45000	0.00623
195.45000	0.00591
195.45000	0.00607
195.45000	0.00575
195.45000	0.00494
195.45000	0.00285
195.45000	0.00301
195.45000	0.00269
195.45000	0.00430
195.45000	0.00639
195.45000	0.00736
195.45000	0.00414
195.45000	0.00188
195.45000	0.00188
195.45000	0.00236
195.45000	0.00333
195.45000	0.00414
195.45000	0.00333
195.45000	0.00462
195.45000	0.00607
195.45000	0.00414
195.45000	0.00688
195.45000	0.00478
195.45000	0.00623
195.45000	0.00526
195.45000	0.00478
195.45000	0.00655
195.45000	0.00768
195.45000	0.00559
195.45000	0.00881
195.45000	0.00526
195.45000	0.00462
195.45000	0.00543
195.45000	0.00124
195.45000	0.00059
195.45000	0.00543
195.45000	0.00446
195.45000	0.00607
195.45000	0.00704
195.45000	0.00607
195.45000	0.00736
195.45000	0.00559
195.45000	0.00365
195.45000	0.00849
195.45000	0.00623
195.45000	0.00430
195.45000	0.00236
195.45000	0.00494
195.45000	0.00398
195.45000	0.00253
195.45000	0.00043
195.45000	0.00446
195.45000	0.00349
195.45000	0.00671
195.45000	0.00704
195.45000	0.00462
195.45000	0.00301
195.45000	0.00269
195.45000	0.00462
195.45000	0.00253
195.45000	0.00381
195.45000	0.00543
195.45000	0.00510
195.45000	0.01638
195.45000	0.00607
195.45000	0.00591
195.45000	0.00365
195.45000	0.00736
195.45000	0.00349
195.45000	0.00736
195.45000	0.00478
195.45000	0.00510
195.45000	0.00188
195.45000	0.00446
195.45000	0.00414
195.45000	0.00446
195.45000	0.00414
195.45000	0.00671
195.45000	0.00381
195.45000	0.00478
195.45000	0.00559
195.45000	0.00494
195.45000	0.00333
195.45000	0.00430
195.45000	0.00768
195.45000	0.00398
195.45000	0.00349
195.45000	0.00526
195.45000	0.00526
195.45000	0.00430
195.45000	0.01058
195.45000	0.00365
195.45000	0.00414
195.45000	0.00333
195.45000	0.00398
195.45000	0.00220
195.45000	0.00398
195.45000	0.00430
195.45000	0.00575
195.45000	0.00591
195.45000	0.00655
195.45000	0.00398
195.45000	0.00349
195.45000	0.00414
195.45000	0.00462
195.45000	0.00478
195.45000	0.00607
195.45000	0.00381
195.46667	0.00365
195.46667	0.00349
195.46667	0.00220
195.46667	0.00526
195.46667	0.00526
195.46667	0.00510
195.46667	0.00655
195.46667	0.00526
195.46667	0.00543
195.46667	0.00639
195.48333	0.00446
195.48333	0.00575
195.48333	0.00381
195.48333	0.00446
195.48333	0.00398
195.48333	0.00285
195.51667	0.00430
195.60000	0.00398
195.68333	0.00204
195.76667	0.00381
195.83333	0.00381
195.88333	0.00414
195.93333	0.00462
195.98333	0.00543
196.01667	0.00623
196.06667	0.00381
196.10000	0.00220
196.13333	0.00204
196.16667	0.00317
196.20000	0.00398
196.23333	0.00591
196.25000	0.00720
196.26667	0.00671
196.26667	0.00720
196.26667	0.00623
196.28333	0.00172
196.28333	0.00188
196.28333	0.00253
196.28333	0.00365
196.28333	0.00398
196.28333	0.00607
196.28333	0.00575
196.28333	0.00575
196.28333	0.00301
196.28333	0.00253
196.28333	0.00317
196.28333	0.00349
196.28333	0.00333
196.28333	-0.00005
196.28333	0.00510
196.28333	0.00494
196.28333	0.00704
196.28333	0.00559
196.28333	0.00526
196.28333	0.00446
196.28333	0.00349
196.28333	0.00365
196.28333	0.00381
196.28333	0.00398
196.28333	0.00108
196.28333	0.00381
196.28333	0.00398
196.28333	0.00430
196.28333	0.00365
196.28333	0.00381
196.28333	0.00494
196.28333	0.00494
196.28333	0.00510
196.28333	0.00414
196.28333	0.00768
196.28333	0.00253
196.28333	0.00430
196.28333	0.00414
196.28333	0.00365
196.28333	0.00414
196.28333	0.00365
196.28333	0.00333
196.28333	0.00365
196.28333	0.00236
196.28333	0.00430
196.28333	0.00543
196.28333	0.00591
196.28333	0.00526
196.28333	0.00575
196.28333	0.00510
196.28333	0.00832
196.28333	0.00526
196.28333	0.00365
196.28333	0.00269
196.28333	0.00236
196.28333	0.00317
196.28333	0.00301
196.28333	0.00285
196.28333	0.00301
196.28333	0.00381
196.28333	0.00462
196.28333	0.00462
196.28333	0.00543
196.28333	0.00494
196.28333	0.00269
196.28333	0.00365
196.28333	0.00446
196.28333	0.00768
196.28333	0.00188
196.28333	0.00172
196.28333	0.00204
196.28333	0.00236
196.28333	0.00365
196.28333	0.00478
196.28333	0.00301
196.28333	0.00317
196.28333	0.00333
196.28333	0.00414
196.28333	0.00269
196.28333	0.00414
196.28333	0.00462
196.28333	0.00075
196.28333	0.00301
196.28333	0.00253
196.28333	0.00317
196.28333	0.00220
196.28333	0.00140
196.28333	0.00398
196.28333	0.00607
196.28333	0.00462
196.28333	0.00639
196.28333	0.00623
196.28333	0.00430
196.28333	0.00220
196.28333	0.00236
196.28333	0.00253
196.28333	0.00269
196.31667	0.00333
196.41667	0.00301
196.55000	0.00365
196.63333	0.00543
196.70000	0.00285
196.76667	0.00430
196.81667	0.00462
196.86667	0.00349
196.90000	0.00301
196.93333	0.00220
196.96667	0.00430
197.00000	0.00526
197.03333	0.00526
197.05000	0.00446
197.05000	0.00220
197.05000	0.00381
197.05000	0.00414
197.05000	0.00446
197.05000	0.00220
197.05000	0.00688
197.05000	0.00607
197.05000	0.00462
197.05000	0.00414
197.05000	0.00301
197.05000	0.00510
197.05000	0.00494
197.05000	0.00510
197.05000	0.00398
197.05000	0.00510
197.05000	0.00430
197.05000	0.00526
197.05000	0.00430
197.05000	0.00510
197.05000	0.00575
197.05000	0.00800
197.03333	0.00607
197.03333	0.00543
197.03333	0.00478
197.03333	0.00510
197.03333	0.00414
197.03333	0.00333
197.03333	0.00140
197.03333	0.00365
197.03333	0.00269
197.03333	0.00591
197.03333	0.00398
197.03333	0.00526
197.03333	0.00220
197.03333	0.00526
197.03333	0.00398
197.03333	0.00317
197.03333	0.00188
197.05000	0.00269
197.05000	0.00188
197.05000	0.00398
197.05000	0.00430
197.05000	0.00317
197.10000	0.00398
197.13333	0.00365
197.18333	0.00333
197.23333	0.00349
197.25000	0.00446
197.28333	0.00414
197.31667	0.00575
197.35000	0.00671
197.40000	0.00526
197.41667	0.00478
197.43333	0.00333
197.45000	0.00381
197.46667	0.00430
197.48333	0.00462
197.48333	0.01074
197.50000	0.00591
197.50000	0.00333
197.51667	0.00462
197.51667	0.00816
197.51667	0.00478
197.51667	0.00478
197.51667	0.00768
197.51667	0.00671
197.51667	0.00414
197.50000	0.00381
197.50000	0.00414
197.50000	0.00494
197.50000	0.00671
197.50000	0.00559
197.50000	0.00381
197.50000	0.00236
197.50000	0.00430
197.50000	0.00430
197.50000	0.00510
197.50000	0.00494
197.50000	0.00671
197.50000	0.00591
197.50000	0.00462
197.50000	0.00124
197.50000	0.00156
197.50000	0.00414
197.50000	0.00253
197.50000	0.00816
197.50000	0.00913
197.50000	0.00526
197.50000	0.00752
197.50000	0.00510
197.50000	0.00688
197.50000	0.00478
197.50000	0.00333
197.50000	0.00285
197.50000	0.00381
197.50000	0.00494
197.50000	0.00398
197.50000	0.00543
197.50000	0.00398
197.50000	0.00526
197.50000	0.00414
197.50000	0.00543
197.50000	0.00575
197.50000	0.00945
197.50000	0.00591
197.50000	0.00543
197.50000	0.00655
197.51667	0.00623
197.55000	0.00655
197.60000	0.00591
197.63333	0.00349
197.66667	0.00317
197.71667	0.00671
197.75000	0.00381
197.76667	0.00349
197.78333	0.00188
197.80000	0.00559
197.81667	0.00526
197.83333	0.00559
197.85000	0.00381
197.85000	0.00172
197.85000	0.00317
197.85000	0.00494
197.85000	0.00381
197.85000	0.00414
197.85000	0.00720
197.85000	0.00639
197.85000	0.01300
197.85000	0.00398
197.85000	0.00285
197.85000	0.00317
197.85000	0.00236
197.85000	0.00446
197.85000	-0.00118
197.85000	0.00156
197.85000	0.00543
197.85000	0.01139
197.85000	0.00543
197.85000	0.01010
197.85000	0.00478
197.85000	0.00365
197.85000	0.00381
197.85000	0.00639
197.85000	0.00526
197.85000	0.00349
197.85000	0.01171
197.85000	0.00430
197.85000	0.00462
197.85000	0.00623
197.85000	0.00124
197.85000	0.00269
197.85000	-0.00086
197.85000	0.00462
197.85000	0.00478
197.85000	0.00236
197.85000	0.00381
197.85000	0.00172
197.85000	0.00607
197.85000	0.00784
197.85000	0.00269
197.85000	0.00398
197.85000	0.00575
197.85000	0.00124
197.85000	0.00365
197.85000	0.00188
197.85000	0.00285
197.85000	0.00623
197.85000	0.00140
197.85000	0.00430
197.85000	0.00156
197.85000	0.00639
197.88333	0.00253
197.93333	0.00398
197.95000	0.00333
197.98333	0.00043
198.01667	0.00349
198.05000	0.00269
198.08333	0.00349
198.13333	0.00430
198.16667	0.00430
198.20000	0.00301
198.21667	0.00285
198.23333	0.00236
198.25000	0.00220
198.25000	0.00140
198.25000	0.00446
198.26667	0.00462
198.26667	0.00430
198.28333	0.00607
198.28333	0.00559
198.30000	0.00526
198.30000	0.00478
198.30000	0.00430
198.31667	0.00494
198.31667	0.00301
198.31667	0.00285
198.31667	0.00108
198.31667	0.00156
198.31667	0.00430
198.31667	0.00398
198.31667	0.00349
198.31667	0.00462
198.31667	0.00108
198.31667	0.00462
198.31667	0.00124
198.31667	0.00333
198.31667	0.00253
198.31667	0.00317
198.31667	0.00301
198.31667	0.00140
198.31667	0.00204
198.31667	-0.00005
198.31667	0.00059
198.31667	0.00043
198.31667	0.00124
198.31667	0.00108
198.31667	0.00301
198.31667	0.00269
198.31667	0.00623
198.31667	0.00108
198.31667	0.00301
198.31667	0.00381
198.31667	0.00462
198.31667	0.00220
198.31667	0.00285
198.31667	0.00269
198.31667	0.00092
198.31667	0.00011
198.31667	0.00462
198.33333	0.00285
198.33333	0.00204
198.33333	0.00317
198.33333	0.00172
198.33333	0.00301
198.33333	0.00333
198.36667	0.00236
198.41667	0.00285
198.45000	0.00269
198.48333	0.00108
198.51667	-0.00086
198.53333	0.00220
198.53333	0.00559
198.55000	0.00398
198.56667	-0.00005
198.58333	0.00220
198.61667	0.00124
198.63333	0.00108
198.65000	-0.00086
198.66667	0.00285
198.68333	0.00172
198.70000	0.00188
198.70000	0.00172
198.71667	0.00156
198.71667	0.00108
198.71667	0.00108
198.71667	0.00236
198.73333	0.00236
198.73333	-0.00070
198.73333	0.00269
198.73333	0.00639
198.73333	0.00236
198.73333	0.00075
198.73333	0.00124
198.73333	0.00140
198.73333	0.00188
198.73333	0.00236
198.73333	0.00204
198.75000	0.00140
198.75000	0.00124
198.75000	0.00172
198.75000	0.00092
198.75000	0.00092
198.75000	0.00092
198.75000	0.00204
198.75000	0.00156
198.75000	0.00092
198.75000	0.00027
198.75000	0.00784
198.75000	0.00236
198.75000	0.00075
198.75000	-0.00070
198.75000	0.00478
198.75000	0.00349
198.75000	0.00285
198.75000	0.00526
198.75000	0.00204
198.75000	0.00043
198.76667	0.00414
198.78333	0.00156
198.80000	0.00075
198.80000	0.00011
198.81667	0.00269
198.81667	-0.00005
198.83333	0.00172
198.83333	-0.00150
198.83333	0.00027
198.83333	0.00108
198.85000	0.00204
198.85000	0.00075
198.86667	0.00301
198.86667	-0.00037
198.86667	0.00075
198.88333	-0.00005
198.88333	0.00204
198.90000	0.00043
198.91667	0.00349
198.91667	0.00124
198.95000	0.00236
198.96667	0.00059
198.98333	0.00156
199.00000	0.00108
199.00000	0.00172
199.01667	0.00043
199.01667	0.00092
199.03333	0.00075
199.05000	0.00236
199.05000	0.00059
199.06667	0.00188
199.06667	-0.00005
199.08333	0.00220
199.08333	-0.00118
199.08333	0.00027
199.08333	0.00059
199.08333	0.00333
199.08333	0.00108
199.08333	0.00140
199.08333	0.00043
199.08333	0.00172
199.08333	0.00381
199.08333	0.00236
199.08333	0.00043
199.10000	0.00011
199.10000	0.00301
199.10000	0.00269
199.10000	0.00172
199.10000	0.00075
199.10000	-0.00086
199.10000	0.00011
199.10000	0.00092
199.10000	0.00204
199.10000	-0.00037
199.10000	0.00092
199.10000	-0.00037
199.10000	-0.00279
199.10000	-0.00005
199.10000	0.00140
199.10000	0.00204
199.10000	-0.00070
199.10000	-0.00070
199.10000	-0.00053
199.10000	0.00124
199.10000	0.00027
199.10000	0.00027
199.10000	-0.00005
199.11667	0.00027
199.11667	-0.00070
199.11667	-0.00118
199.11667	-0.00037
199.11667	0.00027
199.13333	0.00043
199.13333	0.00075
199.15000	0.00092
199.15000	0.00333
199.15000	-0.00005
199.16667	0.00075
199.16667	-0.00005
199.16667	0.00220
199.16667	0.00092
199.18333	0.00301
199.18333	0.00027
199.18333	0.00446
199.18333	0.00156
199.18333	0.00253
199.18333	0.00140
199.18333	0.00172
199.18333	0.00156
199.18333	0.00333
199.18333	0.00092
199.20000	0.00220
199.20000	-0.00037
199.20000	0.00124
199.20000	0.00092
199.20000	0.00140
199.20000	0.00140
199.21667	0.00220
199.21667	-0.00037
199.21667	0.00140
199.21667	-0.00005
199.21667	0.00172
199.21667	0.00043
199.21667	-0.00086
199.23333	-0.00070
199.23333	-0.00150
199.23333	0.00156
199.23333	0.00156
199.23333	0.00365
199.23333	0.00188
199.23333	0.00446
199.23333	0.00075
199.23333	0.00285
199.23333	0.00075
199.25000	0.00140
199.25000	-0.00005
199.25000	0.00092
199.25000	-0.00134
199.25000	0.00124
199.25000	0.00011
199.25000	0.00027
199.25000	0.00124
199.25000	0.00269
199.25000	0.00108
199.25000	0.00140
199.25000	0.00172
199.25000	0.00011
199.25000	-0.00134
199.25000	-0.00021
199.25000	-0.00118
199.25000	-0.00070
199.25000	-0.00118
199.25000	-0.00021
199.25000	0.00059
199.25000	0.00188
199.25000	-0.00102
199.25000	-0.00182
199.25000	-0.00037
199.25000	-0.00005
199.25000	0.00027
199.25000	0.00043
199.25000	0.00140
199.25000	0.00317
199.25000	0.00092
199.25000	0.00059
199.25000	0.00124
199.25000	0.00156
199.25000	0.00043
199.25000	0.00043
199.25000	-0.00021
199.25000	-0.00134
199.25000	-0.00150
199.25000	-0.00150
199.25000	-0.00037
199.25000	-0.00247
199.25000	0.00059
199.25000	-0.00118
199.25000	-0.00053
199.25000	-0.00231
199.25000	-0.00247
199.25000	-0.00231
199.25000	-0.00118
199.25000	-0.00118
199.25000	-0.00086
199.25000	-0.00102
199.25000	-0.00021
199.25000	-0.00053
199.25000	-0.00053
199.25000	-0.00021
199.25000	-0.00134
199.25000	-0.00021
199.25000	-0.00150
199.25000	-0.00166
199.25000	-0.00086
199.25000	-0.00086
199.25000	0.00043
199.25000	0.00075
199.25000	-0.00021
199.25000	0.00108
199.26667	-0.00021
199.30000	0.00124
199.31667	-0.00070
199.33333	0.00124
199.33333	0.00236
199.35000	0.00188
199.35000	0.00027
199.36667	0.05987
199.36667	0.00140
199.38333	0.00140
199.38333	-0.00182
199.38333	0.00075
199.40000	-0.00037
199.40000	-0.00086
199.40000	0.00092
199.41667	0.00124
199.41667	-0.00182
199.41667	-0.00247
199.41667	0.00011
199.43333	-0.00134
199.45000	-0.00198
199.45000	-0.00102
199.46667	-0.00150
199.48333	-0.00134
199.50000	-0.00118
199.50000	-0.00005
199.51667	-0.00134
199.53333	0.00043
199.53333	0.00317
199.55000	0.00156
199.55000	0.00108
199.56667	-0.00118
199.56667	-0.00182
199.56667	-0.00086
199.58333	-0.00053
199.58333	0.00011
199.58333	-0.00198
199.58333	-0.00231
199.58333	-0.00118
199.58333	-0.00134
199.58333	-0.00070
199.58333	0.00075
199.58333	0.00124
199.58333	0.00108
199.58333	0.00220
199.58333	0.00092
199.58333	0.00204
199.58333	-0.00134
199.58333	0.00043
199.58333	0.00043
199.58333	0.00092
199.58333	-0.00021
199.58333	0.00156
199.58333	0.00059
199.58333	0.00108
199.58333	0.00075
199.58333	0.00108
199.58333	-0.00053
199.58333	-0.00021
199.58333	-0.00037
199.58333	0.00043
199.58333	0.00043
199.60000	-0.00021
199.60000	0.00172
199.60000	0.00075
199.60000	-0.00070
199.60000	0.00043
199.60000	0.00075
199.60000	0.00172
199.60000	-0.00086
199.60000	-0.00037
199.61667	-0.00134
199.63333	-0.00102
199.63333	0.00092
199.65000	-0.00037
199.65000	0.00092
199.66667	0.00059
199.68333	0.00043
199.68333	0.00043
199.70000	0.00059
199.70000	-0.00037
199.71667	-0.00037
199.73333	0.00108
199.73333	0.00027
199.73333	0.00108
199.75000	0.00075
199.75000	0.00059
199.75000	0.00059
199.76667	-0.00037
199.76667	-0.00070
199.76667	0.00075
199.76667	0.02943
199.78333	-0.00134
199.78333	-0.00005
199.78333	-0.00005
199.78333	0.00027
199.78333	-0.00102
199.80000	0.00011
199.80000	-0.00118
199.80000	0.00043
199.80000	0.00124
199.80000	0.00156
199.80000	0.00092
199.80000	0.00092
199.80000	0.00027
199.80000	0.00059
199.80000	0.00043
199.80000	-0.00182
199.80000	0.00059
199.80000	-0.00021
199.80000	0.00124
199.80000	0.00059
199.81667	0.00011
199.81667	0.01606
199.81667	0.00075
199.81667	-0.00118
199.81667	0.00075
199.81667	-0.00070
199.81667	-0.00102
199.81667	0.00011
199.81667	-0.00037
199.81667	0.00027
199.81667	-0.00053
199.81667	0.00092
199.81667	0.00011
199.81667	0.00043
199.81667	0.00027
199.81667	-0.00086
199.81667	0.00011
199.81667	-0.00005
199.81667	0.00188
199.81667	0.00011
199.81667	0.00172
199.81667	0.00027
199.83333	0.00108
199.85000	0.00043
199.86667	-0.00021
199.88333	-0.00037
199.90000	-0.00021
199.91667	-0.00118
199.93333	-0.00182
199.95000	-0.00070
199.95000	-0.00037
199.96667	-0.00053
199.98333	0.00059
200.00000	0.00027
200.01667	0.00092
200.01667	0.00027
200.03333	0.00124
200.03333	0.00027
200.03333	0.00092
200.05000	0.00156
200.05000	-0.00343
200.05000	0.00059
200.05000	-0.00150
200.06667	-0.00118
200.06667	-0.00198
200.06667	-0.00247
200.06667	-0.00247
200.06667	0.00075
200.06667	0.00059
200.06667	0.00140
200.06667	0.00043
200.06667	0.00027
200.06667	-0.00150
200.06667	0.00043
200.06667	0.00075
200.06667	0.00027
200.06667	-0.00053
200.06667	-0.00118
200.06667	0.00027
200.06667	-0.00070
200.06667	0.00043
200.06667	0.00027
200.06667	0.00043
200.06667	0.00043
200.06667	0.00108
200.06667	0.00075
200.06667	0.00059
200.06667	0.00043
200.06667	0.00027
200.08333	0.00349
200.11667	-0.00182
200.15000	0.00092
200.16667	-0.00005
200.16667	-0.00070
200.18333	-0.00053
200.20000	0.00011
200.21667	0.00027
200.23333	-0.00118
200.23333	0.00011
200.25000	0.00011
200.26667	0.00204
200.28333	-0.00037
200.30000	0.01106
200.30000	0.00075
200.31667	0.00156
200.31667	0.00092
200.33333	0.00124
200.35000	-0.00021
200.35000	0.00059
200.36667	0.00333
200.36667	-0.00070
200.36667	-0.00118
200.36667	-0.00086
200.36667	-0.00343
200.36667	-0.00005
200.36667	-0.00134
200.36667	-0.00086
200.36667	-0.00037
200.36667	0.00059
200.36667	0.00027
200.36667	0.00011
200.36667	-0.00215
200.36667	-0.00182
200.36667	-0.00166
200.36667	-0.00182
200.36667	-0.00215
200.36667	-0.00231
200.35000	-0.00150
200.35000	-0.00037
200.35000	-0.00005
200.35000	-0.00166
200.35000	-0.00295
200.35000	-0.00247
200.35000	-0.00166
200.35000	0.00059
200.35000	0.00092
200.35000	-0.00134
200.35000	-0.00134
200.35000	-0.00102
200.35000	-0.00118
200.35000	-0.00343
200.35000	0.00108
200.35000	-0.00070
200.35000	-0.00118
200.35000	-0.00279
200.35000	0.00140
200.35000	0.00027
200.35000	0.00027
200.35000	-0.00021
200.35000	-0.00118
200.35000	0.00108
200.35000	0.00027
200.35000	0.00059
200.35000	0.00059
200.35000	0.00075
200.35000	0.00092
200.35000	0.00075
200.35000	0.00011
200.35000	-0.00005
200.35000	-0.00005
200.35000	-0.00150
200.35000	0.00075
200.35000	0.00075
200.35000	-0.00005
200.35000	-0.00005
200.35000	0.00011
200.35000	-0.00086
200.35000	0.00075
200.35000	0.00059
200.35000	0.00043
200.35000	-0.00005
200.35000	0.00011
200.35000	-0.00247
200.35000	-0.00070
200.35000	-0.00053
200.35000	-0.00247
200.35000	-0.00086
200.35000	0.00188
200.35000	-0.00134
200.35000	0.00027
200.35000	-0.00166
200.35000	-0.00021
200.35000	-0.00182
200.35000	-0.00102
200.35000	-0.00150
200.35000	-0.00005
200.35000	0.00140
200.35000	-0.00215
200.35000	0.00011
200.35000	-0.00150
200.35000	0.00204
200.35000	-0.00134
200.35000	-0.00005
200.35000	0.00027
200.35000	0.00011
200.35000	0.00043
200.35000	-0.00150
200.35000	-0.00070
200.35000	-0.00021
200.35000	0.00011
200.35000	0.00108
200.35000	-0.00134
200.35000	0.00156
200.35000	0.00059
200.35000	0.00027
200.35000	0.00059
200.35000	0.00172
200.35000	0.00059
200.35000	-0.00021
200.35000	-0.00037
200.35000	0.00027
200.35000	-0.00021
200.35000	-0.00086
200.35000	0.00172
200.35000	0.00140
200.35000	0.00027
200.35000	-0.00070
200.35000	0.00011
200.35000	-0.00102
200.35000	0.00011
200.35000	-0.00005
200.35000	0.00059
200.35000	-0.00021
200.35000	0.00124
200.35000	-0.00070
200.35000	-0.00005
200.35000	-0.00102
200.35000	0.00059
200.35000	-0.00021
200.35000	0.00075
200.35000	0.00092
200.35000	-0.00166
200.35000	-0.00150
200.35000	-0.00005
200.35000	-0.00134
200.35000	0.00027
200.35000	-0.00166
200.35000	-0.00086
200.35000	-0.00166
200.35000	-0.00037
200.35000	0.00108
200.35000	0.00108
200.35000	0.00027
200.35000	0.00027
200.35000	0.00011
200.35000	0.00043
200.35000	-0.00102
200.35000	-0.00182
200.35000	0.00043
200.35000	-0.00021
200.35000	0.00108
200.35000	0.00075
200.35000	0.00172
200.35000	0.00059
200.35000	0.00027
200.35000	0.00011
200.35000	0.00027
200.35000	0.00011
200.35000	0.00043
200.35000	0.00043
200.35000	0.00108
200.35000	0.00140
200.35000	0.00092
200.35000	0.00059
200.35000	0.00027
200.35000	0.00027
200.35000	0.00043
200.35000	0.00043
200.35000	0.00140
200.35000	0.00043
200.35000	-0.00005
200.35000	0.00075
200.35000	0.00059
200.35000	-0.00005
200.35000	0.00108
200.35000	-0.00005
200.35000	0.00140
200.35000	0.00204
200.35000	0.00011
200.35000	0.00059
200.35000	0.00027
200.35000	0.00172
200.35000	0.00011
200.35000	0.00108
200.35000	0.00172
200.35000	0.00059
200.35000	0.00059
200.35000	0.00011
200.35000	0.00124
200.35000	0.00172
200.35000	-0.00021
200.35000	0.00075
200.35000	-0.00005
200.35000	0.00156
200.35000	0.00156
200.35000	0.00108
200.35000	0.00011
200.35000	-0.00021
200.35000	0.00188
200.35000	0.00108
200.35000	0.00172
200.35000	0.00220
200.35000	0.00220
200.35000	0.00124
200.35000	0.00059
200.35000	0.00027
200.35000	0.00059
200.35000	0.00108
200.35000	0.00092
200.35000	0.00172
200.35000	-0.00037
200.35000	0.00108
200.35000	0.00075
200.35000	0.00204
200.35000	0.00059
200.35000	0.00236
200.35000	0.00027
200.35000	0.00092
200.35000	0.00027
200.35000	0.00108
200.35000	0.00092
200.35000	0.00156
200.35000	0.00172
200.35000	-0.00021
200.35000	0.00236
200.35000	0.00027
200.35000	0.00108
200.35000	0.00027
200.35000	-0.00182
200.35000	-0.00021
200.35000	0.00075
200.35000	-0.00021
200.35000	0.00156
200.35000	0.00092
200.35000	0.00188
200.35000	0.00027
200.35000	0.00075
200.35000	-0.00086
200.35000	0.00075
200.35000	-0.00037
200.35000	0.00108
200.35000	0.00172
200.35000	0.00124
200.35000	0.00156
200.35000	0.00059
200.35000	0.00092
200.35000	-0.00086
200.35000	0.00108
200.35000	0.00075
200.35000	0.00220
200.35000	0.00156
200.35000	-0.00070
200.35000	0.00124
200.35000	0.00124
200.35000	0.00108
200.35000	0.00236
200.35000	0.00140
200.35000	-0.00086
200.35000	0.00140
200.35000	0.00092
200.35000	0.00236
200.35000	0.00075
200.35000	0.00092
200.35000	-0.00021
200.35000	0.00092
200.35000	-0.00086
200.35000	0.00156
200.35000	0.00140
200.35000	0.00124
200.35000	0.00253
200.35000	-0.00037
200.35000	0.00108
200.35000	0.00027
200.35000	0.00124
200.35000	0.00124
200.35000	0.00156
200.35000	0.00156
200.35000	0.00108
200.35000	0.00124
200.35000	0.00027
200.35000	0.00220
200.35000	0.00236
200.35000	0.00124
200.35000	0.00204
200.35000	0.00124
200.35000	0.00027
200.35000	0.00059
200.35000	0.00059
200.35000	-0.00005
200.35000	0.00156
200.35000	-0.00021
200.35000	0.00059
200.35000	-0.00053
200.35000	0.00220
200.35000	0.00075
200.35000	0.00172
200.35000	0.00220
200.35000	0.00253
200.35000	0.00236
200.35000	0.00027
200.35000	0.00188
200.35000	0.00043
200.35000	0.00124
200.35000	-0.00037
200.35000	0.00124
200.35000	0.00172
200.35000	0.00108
200.35000	0.00140
200.35000	0.00140
200.35000	0.00124
200.35000	-0.00182
200.35000	0.00188
200.35000	0.00075
200.35000	0.00204
200.35000	0.00043
200.35000	0.00075
200.35000	-0.00102
200.35000	0.00188
200.35000	0.00188
200.35000	0.00172
200.35000	0.00204
200.35000	0.00092
200.35000	0.00140
200.35000	-0.00021
200.35000	-0.00005
200.35000	0.00188
200.35000	-0.00166
200.35000	0.00108
200.35000	0.00220
200.35000	0.00204
200.35000	0.00027
200.35000	0.00092
200.35000	0.00140
200.35000	0.00043
200.35000	0.00172
200.35000	0.00124
200.35000	0.00156
200.35000	0.00204
200.35000	0.00269
200.35000	0.00172
200.35000	0.00188
200.35000	0.00011
200.35000	0.00092
200.35000	0.00108
200.35000	0.00172
200.35000	0.00253
200.35000	0.00253
200.35000	0.00124
200.35000	-0.00086
200.35000	0.00108
200.35000	0.00027
200.35000	0.00188
200.35000	0.00172
200.35000	0.00220
200.35000	0.00301
200.35000	0.00124
200.35000	0.00253
200.35000	0.00156
200.35000	0.00043
200.35000	0.00059
200.35000	0.00092
200.35000	0.00075
200.35000	0.00140
200.35000	0.00124
200.35000	0.00156
200.35000	0.00204
200.35000	0.00011
200.35000	0.00204
200.35000	0.00188
200.35000	0.00204
200.35000	0.00204
200.35000	0.00140
200.35000	0.00220
200.35000	0.00043
200.35000	0.00172
200.35000	0.00172
200.35000	0.00172
200.35000	0.00188
200.35000	0.00092
200.35000	0.00204
200.35000	0.00301
200.35000	0.00156
200.35000	0.00253
200.35000	0.00172
200.35000	0.00269
200.35000	0.00301
200.35000	0.00124
200.35000	0.00188
200.35000	0.00108
200.35000	0.00301
200.35000	0.00075
200.35000	0.00204
200.35000	0.00124
200.35000	0.00269
200.35000	0.00043
200.35000	0.00188
200.35000	0.00092
200.35000	0.00108
200.35000	0.00349
200.35000	0.00236
200.35000	0.00253
200.35000	0.00075
200.35000	0.00124
200.35000	0.00156
200.35000	0.00172
200.35000	0.00172
200.35000	0.00204
200.35000	0.00269
200.35000	0.00301
200.35000	0.00253
200.35000	0.00236
200.35000	0.00349
200.35000	0.00156
200.35000	0.00269
200.35000	0.00059
200.35000	0.00333
200.35000	0.00204
200.35000	0.00253
200.35000	0.00188
200.35000	0.00059
200.35000	0.00124
200.35000	0.00124
200.35000	0.00269
200.35000	0.00156
200.35000	0.00365
200.35000	0.00140
200.35000	0.00285
200.35000	0.00140
200.35000	0.00124
200.35000	0.00124
200.35000	0.00075
200.35000	0.00188
200.35000	0.00269
200.35000	0.00156
200.35000	0.00204
200.35000	0.00124
200.35000	0.00188
200.35000	-0.00005
200.35000	0.00140
200.35000	0.00075
200.35000	0.00140
200.35000	0.00140
200.35000	0.00027
200.35000	0.00156
200.35000	0.00220
200.35000	0.00253
200.35000	0.00188
200.35000	0.00172
200.35000	0.00172
200.35000	0.00172
200.35000	0.00027
200.35000	0.00140
200.35000	0.00075
200.35000	0.00108
200.35000	0.00108
200.35000	0.00156
200.35000	0.00092
200.35000	0.00156
200.35000	0.00220
200.35000	0.00236
200.35000	0.00124
200.35000	0.00236
200.35000	0.00317
200.35000	0.00059
200.35000	0.00172
200.35000	0.00059
200.35000	0.00172
200.35000	0.00156
200.35000	0.00108
200.35000	0.00253
200.35000	0.00285
200.35000	-0.00021
200.35000	0.00172
200.35000	0.00156
200.35000	0.00059
200.35000	0.00253
200.35000	0.00172
200.35000	0.00011
200.35000	0.00236
200.35000	0.00172
200.35000	0.00124
200.35000	0.00204
200.35000	0.00285
200.35000	0.00092
200.35000	0.00220
200.35000	0.00253
200.35000	0.00188
200.35000	0.00236
200.35000	-0.00021
200.35000	0.00108
200.35000	0.00011
200.35000	0.00124
200.35000	0.00172