Sensor Position (Radians)	Light Intensity (Volts)
0.00000	3.70631
0.00000	3.70985
0.00000	3.70567
0.00000	3.70422
0.00000	3.70599
0.00000	3.71356
0.00000	3.70696
0.00000	3.70454
0.00000	3.70840
0.00000	3.70212
0.00000	3.70099
0.00000	3.70341
0.00000	3.71066
0.00000	3.70083
0.00000	3.70357
0.00000	3.70808
0.00000	3.70840
0.00000	3.70389
0.00000	3.70083
0.00000	3.70663
0.00000	3.70486
0.00000	3.70631
0.00000	3.70518
0.00000	3.70438
0.00000	3.70760
0.00000	3.71114
0.00000	3.70840
0.00000	3.71130
0.00000	3.70679
0.00000	3.70792
0.00000	3.71437
0.00873	3.72371
0.01309	3.72741
0.01309	3.72870
0.01745	3.73225
0.02182	3.72661
0.02618	3.72371
0.02618	3.72484
0.03491	3.71855
0.03927	3.71581
0.04363	3.71243
0.04800	3.70953
0.05236	3.70244
0.05672	3.70083
0.06109	3.70035
0.06545	3.69503
0.06545	3.69471
0.06981	3.69246
0.07418	3.68730
0.07418	3.68666
0.07854	3.68424
0.08290	3.68021
0.08290	3.67748
0.08727	3.67570
0.09599	3.67200
0.09599	3.66668
0.10036	3.66588
0.10472	3.66088
0.10908	3.65186
0.11345	3.63849
0.11781	3.64043
0.12217	3.63737
0.12217	3.63624
0.12654	3.63575
0.12654	3.62867
0.13090	3.62496
0.13090	3.62335
0.13526	3.62238
0.13526	3.61675
0.13526	3.62029
0.13963	3.61530
0.13963	3.61707
0.13963	3.61240
0.13963	3.61610
0.13963	3.61320
0.14399	3.61030
0.14399	3.60966
0.14399	3.61111
0.14835	3.60064
0.14835	3.60241
0.15272	3.59307
0.15272	3.58920
0.15708	3.58662
0.16144	3.58646
0.16144	3.57712
0.16581	3.57519
0.16581	3.57422
0.17017	3.56729
0.17017	3.57003
0.17017	3.56472
0.17017	3.56069
0.17017	3.56665
0.17453	3.56278
0.17453	3.55376
0.17453	3.55908
0.17453	3.55827
0.17453	3.55586
0.17453	3.56021
0.17453	3.56198
0.17453	3.55779
0.17453	3.55698
0.17453	3.56069
0.17453	3.55988
0.17453	3.55843
0.17453	3.55892
0.17890	3.55908
0.18762	3.53830
0.19635	3.52879
0.19635	3.51865
0.19635	3.52283
0.19635	3.52010
0.20071	3.51623
0.20071	3.51269
0.20508	3.50898
0.20944	3.50334
0.20944	3.49625
0.20944	3.49964
0.21380	3.48901
0.21380	3.48820
0.21817	3.48417
0.21817	3.47934
0.22253	3.47241
0.22253	3.46984
0.22689	3.46194
0.22689	3.45486
0.23126	3.45469
0.23126	3.44857
0.23562	3.44455
0.23562	3.44197
0.23562	3.43504
0.23998	3.43891
0.23998	3.42973
0.24435	3.42876
0.24435	3.42344
0.24871	3.41668
0.24871	3.41023
0.25307	3.40331
0.25307	3.39654
0.25744	3.39670
0.25744	3.38913
0.26180	3.38349
0.26180	3.37882
0.26180	3.37753
0.26616	3.37077
0.26616	3.37190
0.27053	3.36594
0.27053	3.35820
0.27489	3.35579
0.27489	3.35176
0.27925	3.33936
0.28362	3.33646
0.28362	3.32679
0.28798	3.32744
0.29234	3.31584
0.29234	3.31680
0.29234	3.30988
0.29671	3.30440
0.30107	3.29860
0.30107	3.29232
0.30543	3.28910
0.30543	3.28346
0.30980	3.28056
0.30980	3.27541
0.31416	3.26735
0.31416	3.26091
0.31852	3.25753
0.32289	3.24931
0.32289	3.24867
0.32725	3.23642
0.32725	3.22869
0.33161	3.22692
0.33161	3.22644
0.33598	3.21548
0.33598	3.21484
0.34034	3.20243
0.34034	3.20034
0.34470	3.19502
0.34907	3.18600
0.34907	3.17940
0.35343	3.17666
0.35343	3.16973
0.35779	3.16329
0.35779	3.16071
0.35779	3.16055
0.36216	3.15330
0.36216	3.14573
0.36652	3.13913
0.36652	3.13107
0.36652	3.13768
0.37088	3.13140
0.37088	3.12511
0.37525	3.12093
0.37525	3.11384
0.37961	3.11029
0.37961	3.10417
0.38397	3.09886
0.38397	3.09257
0.38834	3.08420
0.38834	3.08082
0.39270	3.08017
0.39270	3.06857
0.39706	3.05263
0.40143	3.04650
0.40579	3.03797
0.40579	3.03023
0.41015	3.02524
0.41015	3.01638
0.41452	3.01074
0.41452	2.99850
0.41888	2.99528
0.41888	2.99029
0.42324	2.98175
0.42761	2.97434
0.42761	2.97015
0.42761	2.96129
0.43197	2.96274
0.43197	2.95163
0.43633	2.95179
0.43633	2.94277
0.44070	2.92907
0.44070	2.92682
0.44506	2.91683
0.44942	2.90813
0.45379	2.89476
0.45379	2.88703
0.45815	2.88220
0.46251	2.87382
0.46251	2.86480
0.46251	2.86512
0.46688	2.85288
0.46688	2.84676
0.46688	2.84563
0.47124	2.84241
0.47124	2.83468
0.47560	2.83033
0.47560	2.82276
0.47997	2.80842
0.48433	2.80520
0.48433	2.79908
0.48869	2.78845
0.48869	2.78555
0.49306	2.77717
0.49742	2.76477
0.49742	2.75478
0.50178	2.74077
0.50615	2.72482
0.51487	2.70613
0.51924	2.69067
0.52360	2.67617
0.52796	2.66248
0.53233	2.64105
0.53669	2.62543
0.54105	2.61480
0.54542	2.59966
0.54978	2.58758
0.55414	2.57469
0.55851	2.55826
0.55851	2.55343
0.56287	2.54344
0.56287	2.53587
0.56723	2.51863
0.57160	2.51396
0.57596	2.50011
0.57596	2.48722
0.58032	2.47578
0.58469	2.45774
0.58905	2.44067
0.59341	2.42987
0.59778	2.41215
0.60214	2.39556
0.60650	2.38026
0.61087	2.36721
0.61087	2.36367
0.61523	2.35272
0.61959	2.33902
0.61959	2.33129
0.62396	2.32420
0.62396	2.31728
0.62832	2.31067
0.62832	2.30616
0.62832	2.30117
0.63268	2.28860
0.63705	2.28587
0.63705	2.27620
0.64141	2.26170
0.64577	2.25252
0.64577	2.23609
0.65014	2.22707
0.65450	2.21821
0.65450	2.20790
0.65886	2.19985
0.65886	2.19163
0.66323	2.18487
0.66759	2.17069
0.66759	2.15764
0.67195	2.14894
0.67195	2.14556
0.67632	2.13235
0.68068	2.12156
0.68504	2.10545
0.68504	2.09434
0.68941	2.07791
0.69377	2.06711
0.69813	2.06035
0.69813	2.04424
0.70250	2.02958
0.70686	2.01895
0.71122	2.01025
0.71122	1.99785
0.71558	1.98480
0.71995	1.97240
0.72431	1.95532
0.72867	1.93309
0.73304	1.91699
0.74176	1.89637
0.74613	1.87462
0.75049	1.86415
0.75485	1.84176
0.75922	1.82549
0.76358	1.81115
0.76794	1.79714
0.77231	1.78055
0.77667	1.75945
0.78103	1.74511
0.78540	1.72707
0.78976	1.71837
0.78976	1.70548
0.79412	1.69115
0.79849	1.67794
0.80285	1.66328
0.80285	1.65458
0.80721	1.63863
0.81594	1.61415
0.82030	1.59321
0.82467	1.57613
0.82903	1.55455
0.83339	1.53635
0.83776	1.52878
0.84212	1.51831
0.84212	1.50510
0.84648	1.49511
0.85085	1.47401
0.85957	1.45452
0.86394	1.43857
0.86830	1.41827
0.87266	1.40426
0.87703	1.38767
0.88139	1.36802
0.88575	1.35980
0.89012	1.34498
0.89448	1.33000
0.89448	1.32324
0.89884	1.31422
0.89884	1.30503
0.89884	1.29940
0.90321	1.29376
0.90321	1.28586
0.90757	1.27507
0.91193	1.26573
0.91630	1.24914
0.91630	1.24447
0.92066	1.23174
0.92502	1.22014
0.92502	1.20871
0.92939	1.19228
0.93811	1.16860
0.94248	1.15829
0.94684	1.14347
0.95120	1.12478
0.95557	1.11190
0.95993	1.09853
0.96429	1.08242
0.96866	1.06712
0.97302	1.05520
0.97302	1.04569
0.97738	1.03909
0.97738	1.02781
0.98175	1.01380
0.98611	1.00188
0.99047	0.99141
0.99484	0.97643
0.99920	0.96016
0.99920	0.95243
1.00793	0.93551
1.01229	0.92166
1.01229	0.91360
1.01665	0.89959
1.02102	0.88413
1.02974	0.86528
1.03411	0.84853
1.03847	0.83161
1.04283	0.81534
1.04720	0.80423
1.05156	0.79843
1.05156	0.79054
1.05592	0.78007
1.06029	0.77395
1.06029	0.76331
1.06465	0.75011
1.06901	0.73947
1.07338	0.72804
1.07774	0.71773
1.08210	0.70919
1.08210	0.69953
1.08647	0.68938
1.09083	0.67875
1.09519	0.66248
1.09956	0.64734
1.10392	0.63542
1.10828	0.62881
1.11265	0.61705
1.11701	0.60723
1.12137	0.59643
1.12574	0.58355
1.13010	0.56824
1.13446	0.55810
1.13883	0.54795
1.14319	0.53603
1.14319	0.53393
1.14755	0.51895
1.15628	0.50236
1.16064	0.48819
1.16501	0.47691
1.16937	0.46676
1.17373	0.45903
1.17373	0.45372
1.17810	0.44163
1.18682	0.43229
1.18682	0.42633
1.19119	0.42166
1.19119	0.41409
1.19555	0.40942
1.19991	0.39476
1.20428	0.38526
1.20428	0.38397
1.20428	0.38397
1.20864	0.37913
1.20864	0.37962
1.20864	0.37140
1.21300	0.36367
1.21737	0.36045
1.21737	0.35771
1.22173	0.35368
1.22173	0.34466
1.22609	0.33693
1.23046	0.33049
1.23482	0.32308
1.23482	0.31583
1.24355	0.30391
1.24791	0.29167
1.25664	0.27717
1.26536	0.25704
1.26973	0.24737
1.26973	0.24753
1.26973	0.24866
1.26973	0.24995
1.26973	0.25188
1.26973	0.24753
1.26973	0.25220
1.26973	0.25269
1.26973	0.25252
1.26973	0.25027
1.26973	0.25269
1.26973	0.25317
1.26973	0.25349
1.26973	0.25091
1.26973	0.25252
1.26973	0.25220
1.26973	0.25011
1.26973	0.25108
1.26973	0.25124
1.26973	0.25285
1.26973	0.25043
1.26973	0.25317
1.26973	0.25269
1.26973	0.25220
1.27409	0.24109
1.27845	0.22933
1.29154	0.21338
1.29591	0.20420
1.30027	0.19405
1.30900	0.18310
1.31336	0.17633
1.31772	0.16941
1.32209	0.16055
1.33081	0.15040
1.33081	0.14911
1.33518	0.14106
1.33954	0.13703
1.34827	0.12608
1.35699	0.11464
1.36136	0.10530
1.36572	0.09982
1.37445	0.09450
1.37881	0.08661
1.38317	0.08146
1.38754	0.07517
1.39190	0.07227
1.39626	0.06583
1.39626	0.06535
1.40063	0.05923
1.40499	0.06003
1.40935	0.05584
1.41372	0.05311
1.41808	0.04521
1.42681	0.03925
1.43117	0.03281
1.43990	0.02927
1.44426	0.02701
1.44862	0.02105
1.45299	0.01718
1.46171	0.01477
1.46608	0.01187
1.47044	0.00816
1.47480	0.00849
1.47917	0.00398
1.48353	0.00204
1.48789	-0.00005
1.49226	0.00011
1.49662	-0.00070
1.49662	-0.00327
1.50098	-0.00472
1.50098	-0.00247
1.50098	-0.00472
1.50535	-0.00521
1.50535	-0.00376
1.50971	-0.00504
1.50971	-0.00714
1.51407	-0.00488
1.51407	-0.00682
1.51407	-0.00601
1.51407	-0.00794
1.51844	-0.00521
1.51844	-0.00617
1.51844	-0.00827
1.52280	-0.00875
1.52716	-0.00875
1.53153	-0.00956
1.53153	-0.01165
1.53153	-0.00923
1.53153	-0.00891
1.53153	-0.01117
1.53153	-0.00875
1.53153	-0.00956
1.53589	-0.01133
1.53589	-0.00859
1.53589	-0.00956
1.53589	-0.00939
1.54025	-0.00907
1.54025	-0.01052
1.54025	-0.00907
1.54462	-0.01004
1.56643	-0.00714
1.57516	-0.00360
1.57516	-0.00408
1.57516	-0.00682
1.57952	-0.00649
1.57952	-0.00231
1.58389	-0.00279
1.58389	-0.00553
1.58825	-0.00005
1.59698	0.00188
1.60134	0.00285
1.60570	0.00591
1.61443	0.00849
1.62316	0.01396
1.63188	0.01847
1.63625	0.02331
1.64497	0.02878
1.65370	0.03555
1.66243	0.03748
1.66679	0.05053
1.67552	0.05584
1.67988	0.05907
1.68424	0.06309
1.68861	0.06986
1.69297	0.07501
1.69733	0.07823
1.70170	0.08419
1.70606	0.08629
1.71042	0.09466
1.71479	0.09595
1.71915	0.10046
1.72351	0.10884
1.73224	0.11754
1.73660	0.12479
1.74097	0.13574
1.74969	0.14718
1.75842	0.15894
1.76278	0.16763
1.76715	0.17392
1.77587	0.18262
1.78024	0.19276
1.78460	0.20162
1.78896	0.20871
1.79333	0.21419
1.79333	0.21773
1.80205	0.23046
1.80642	0.23593
1.80642	0.24109
1.81078	0.24963
1.81514	0.26010
1.81951	0.26783
1.82387	0.27604
1.82823	0.28007
1.83260	0.29118
1.83696	0.29908
1.84132	0.30568
1.84569	0.31390
1.84569	0.32195
1.85005	0.33017
1.85878	0.33935
1.85878	0.35030
1.86314	0.35916
1.86750	0.36721
1.87187	0.37398
1.87187	0.37656
1.88059	0.39444
1.88932	0.41055
1.88932	0.41715
1.89368	0.41973
1.89368	0.43052
1.89805	0.43519
1.90241	0.44099
1.90677	0.45355
1.91550	0.47562
1.91986	0.48996
1.92423	0.49753
1.92859	0.51299
1.93295	0.52926
1.94168	0.54553
1.94604	0.55858
1.95041	0.57131
1.95913	0.58999
1.96350	0.60578
1.96786	0.61979
1.97222	0.63445
1.98095	0.65265
1.98968	0.68020
1.99840	0.70388
1.99840	0.71257
2.00277	0.72288
2.01149	0.73754
2.01586	0.75542
2.02022	0.77105
2.02458	0.78426
2.02895	0.79424
2.03331	0.80600
2.03331	0.81583
2.04204	0.83145
2.04640	0.85771
2.05076	0.87140
2.05513	0.88332
2.05949	0.89911
2.06822	0.91618
2.07258	0.93503
2.07694	0.94566
2.08131	0.95967
2.08567	0.98174
2.09003	0.99801
2.09440	1.00929
2.09876	1.02507
2.10312	1.03844
2.10749	1.05713
2.11185	1.07485
2.12058	1.09353
2.12494	1.11012
2.12930	1.12140
2.13367	1.13880
2.13803	1.16022
2.14239	1.17810
2.14675	1.19373
2.15548	1.21563
2.15984	1.22932
2.16421	1.24672
2.16421	1.25687
2.16857	1.26589
2.17293	1.28103
2.17730	1.29408
2.18166	1.30262
2.18602	1.32420
2.19039	1.33967
2.19475	1.35223
2.19475	1.36560
2.19911	1.37269
2.19911	1.38396
2.20348	1.39927
2.20784	1.40813
2.21220	1.42391
2.21657	1.44018
2.22093	1.44936
2.22529	1.46821
2.22529	1.47868
2.22966	1.48319
2.22966	1.49334
2.23838	1.51525
2.23838	1.51315
2.23838	1.52958
2.24275	1.53876
2.24711	1.54585
2.24711	1.55713
2.25147	1.56679
2.25584	1.58983
2.26020	1.60529
2.26456	1.61608
2.26893	1.63074
2.27329	1.64427
2.27765	1.66054
2.28202	1.67810
2.28638	1.69840
2.28638	1.70291
2.29511	1.72417
2.29947	1.74414
2.30383	1.76863
2.30820	1.79102
2.31692	1.81132
2.32129	1.82742
2.32565	1.84305
2.33001	1.86141
2.33874	1.88863
2.34310	1.91392
2.34747	1.93632
2.35619	1.95758
2.36056	1.98045
2.36492	2.00252
2.36928	2.02233
2.37365	2.04005
2.38237	2.06132
2.38674	2.08081
2.38674	2.08016
2.38674	2.08419
2.38674	2.07903
2.38674	2.08145
2.38674	2.08097
2.38674	2.08387
2.38674	2.08145
2.38674	2.08258
2.38674	2.08322
2.38674	2.08419
2.38674	2.08725
2.38674	2.08435
2.38674	2.08451
2.38674	2.08274
2.38674	2.08242
2.38674	2.08145
2.38674	2.07952
2.38674	2.08210
2.38674	2.08226
2.38674	2.08371
2.38674	2.08338
2.39110	2.09466
2.39983	2.12913
2.40419	2.15136
2.40855	2.16376
2.41292	2.17923
2.41728	2.19727
2.42164	2.21145
2.42601	2.22610
2.43037	2.24656
2.43473	2.26460
2.44346	2.29215
2.44782	2.30391
2.45219	2.32372
2.45655	2.34547
2.46091	2.35803
2.46528	2.36947
2.46528	2.38574
2.46964	2.39927
2.47400	2.41264
2.47837	2.42939
2.48273	2.43809
2.48273	2.45033
2.48709	2.46563
2.49146	2.48319
2.50018	2.50285
2.50455	2.52201
2.50891	2.54376
2.51327	2.56035
2.51764	2.57662
2.52200	2.59273
2.52636	2.60707
2.53073	2.62108
2.53945	2.64138
2.54382	2.65378
2.54818	2.67166
2.55254	2.68439
2.55691	2.70033
2.56127	2.71821
2.56563	2.73352
2.57000	2.75011
2.57436	2.75736
2.57436	2.77363
2.57872	2.78281
2.58309	2.79521
2.58745	2.80601
2.59181	2.81809
2.59181	2.82936
2.59618	2.83887
2.60054	2.84418
2.60490	2.86142
2.60490	2.86335
2.60927	2.87495
2.61363	2.89106
2.61363	2.89815
2.61799	2.90378
2.62236	2.91039
2.62236	2.92150
2.62236	2.92199
2.62236	2.92215
2.62672	2.92472
2.62672	2.92843
2.62672	2.93262
2.62672	2.93664
2.63545	2.95678
2.64417	2.98416
2.64854	2.99850
2.65290	3.00704
2.65726	3.02637
2.66163	3.03410
2.66599	3.05182
2.67035	3.06503
2.67472	3.07792
2.67908	3.09048
2.68344	3.11045
2.68781	3.11851
2.69217	3.13494
2.70090	3.15508
2.70526	3.17038
2.70962	3.18794
2.71399	3.19599
2.71835	3.21146
2.72271	3.22160
2.72708	3.23175
2.72708	3.24367
2.73580	3.25624
2.74017	3.26655
2.74017	3.27057
2.74453	3.28249
2.74889	3.28990
2.75326	3.30102
2.75762	3.31084
2.76198	3.32115
2.76198	3.32695
2.76635	3.33066
2.77071	3.34403
2.77071	3.34612
2.77507	3.35675
2.77944	3.36706
2.77944	3.36835
2.78380	3.37399
2.78816	3.38333
2.78816	3.39252
2.79253	3.39493
2.79689	3.40186
2.79689	3.40782
2.79689	3.40959
2.80125	3.41974
2.80125	3.41974
2.80562	3.42425
2.80562	3.43069
2.80998	3.43971
2.80998	3.44100
2.81434	3.44583
2.81434	3.45486
2.81871	3.45695
2.82307	3.46597
2.82307	3.47515
2.82743	3.48321
2.83180	3.48836
2.83180	3.48965
2.83616	3.49754
2.83616	3.50334
2.83616	3.50334
2.84052	3.50801
2.84489	3.51607
2.84489	3.52316
2.84925	3.52622
2.84925	3.53395
2.85361	3.53878
2.85798	3.54522
2.85798	3.55231
2.86234	3.55425
2.86670	3.56327
2.86670	3.57003
2.87107	3.57664
2.87543	3.58324
2.88416	3.59291
2.88416	3.59516
2.88852	3.59790
2.89288	3.60740
2.89725	3.61433
2.90161	3.62271
2.90597	3.63253
2.91034	3.63414
2.91470	3.64107
2.91906	3.65251
2.92343	3.65589
2.92779	3.66105
2.93215	3.66588
2.93652	3.67087
2.94088	3.68038
2.94524	3.68344
2.94961	3.68811
2.95397	3.69423
2.95833	3.69713
2.96270	3.70615
2.96706	3.70808
2.97142	3.71549
2.98015	3.72467
2.98451	3.72919
2.99324	3.73772
3.00197	3.74690
3.01069	3.74964
3.01506	3.75576
3.01942	3.76108
3.02815	3.76334
3.02815	3.76591
3.03251	3.76946
3.04124	3.76978
3.04560	3.77413
3.05433	3.77654
3.05869	3.77993
3.06305	3.77880
3.06742	3.78057
3.07178	3.78347
3.07614	3.78395
3.08051	3.78557
3.08487	3.78508
3.09360	3.78637
3.09796	3.78702
3.10232	3.78895
3.10669	3.78863
3.11105	3.78637
3.11105	3.78428
3.11541	3.78540
3.11978	3.78573
3.12414	3.78363
3.12850	3.78347
3.13287	3.78283
3.13723	3.77977
3.14159	3.77832
3.15032	3.78363